0.00	 1.00	 5.73	 5.73	NaN	 NaN	0.00	 1.00	 45.04	 35.17	 8660.25	NaN	 NaN	 NaN	 NaN	 NaN	0.00	 39.26	 29.54
0.00	 1.00	 5.73	 5.73	-10.00	 8660.25	-5.83	 1.00	 44.96	 35.20	 8662.71	NaN	 NaN	 NaN	 NaN	 NaN	0.00	 39.28	 29.54
0.00	 1.00	 5.73	 5.73	NaN	 NaN	-11.66	 1.00	 44.93	 35.20	 8665.16	NaN	 NaN	 NaN	 NaN	 NaN	0.00	 39.27	 29.52
0.00	 1.00	 5.73	 5.73	-10.00	 8667.18	-17.49	 1.00	 44.97	 35.24	 8667.62	-3.32	 1.00	 45.01	 35.25	 8670.07	0.00	 39.28	 29.54
0.00	 1.00	 5.73	 5.73	NaN	 NaN	-9.15	 1.00	 45.03	 35.21	 8672.53	NaN	 NaN	 NaN	 NaN	 NaN	0.00	 39.28	 29.54
0.00	 1.00	 5.73	 5.73	-10.00	 8674.11	-14.98	 1.00	 45.07	 35.17	 8674.98	-0.81	 1.00	 45.03	 35.25	 8677.43	0.00	 39.28	 29.54
0.00	 1.00	 5.73	 5.73	NaN	 NaN	-6.64	 1.00	 45.01	 35.20	 8679.89	NaN	 NaN	 NaN	 NaN	 NaN	0.00	 39.27	 29.54
0.00	 1.00	 5.73	 5.73	-10.00	 8681.04	-12.47	 1.00	 44.95	 35.32	 8682.34	NaN	 NaN	 NaN	 NaN	 NaN	0.00	 39.27	 29.54
0.00	 1.00	 5.73	 5.73	NaN	 NaN	-18.30	 1.00	 45.08	 35.23	 8684.80	-4.13	 1.00	 45.03	 35.34	 8687.25	0.00	 39.27	 29.54
0.00	 1.00	 5.73	 5.73	-10.00	 8687.97	-9.96	 1.00	 45.07	 35.18	 8689.71	NaN	 NaN	 NaN	 NaN	 NaN	0.00	 39.28	 29.53
0.00	 1.00	 5.73	 5.73	NaN	 NaN	-15.79	 1.00	 44.92	 35.20	 8692.16	-1.62	 1.00	 45.07	 35.19	 8694.61	0.00	 39.28	 29.53
0.00	 1.00	 5.73	 5.73	-10.00	 8694.90	-7.45	 1.00	 44.99	 35.35	 8697.07	NaN	 NaN	 NaN	 NaN	 NaN	0.00	 39.26	 29.55
0.00	 1.00	 5.73	 5.73	NaN	 NaN	-13.28	 1.00	 45.01	 35.30	 8699.52	NaN	 NaN	 NaN	 NaN	 NaN	0.00	 39.28	 29.53
0.00	 1.00	 5.73	 5.73	-10.00	 8701.82	-19.11	 1.00	 44.97	 35.30	 8701.98	-4.94	 1.00	 45.06	 35.17	 8704.43	0.00	 39.27	 29.55
0.00	 1.00	 5.73	 5.73	NaN	 NaN	-10.77	 1.00	 45.05	 35.36	 8706.89	NaN	 NaN	 NaN	 NaN	 NaN	0.00	 39.26	 29.53
0.00	 1.00	 5.73	 5.73	-10.00	 8708.75	-16.60	 1.00	 45.04	 35.22	 8709.34	-2.43	 1.00	 45.05	 35.19	 8711.80	0.00	 39.27	 29.53
0.00	 1.00	 5.73	 5.73	NaN	 NaN	-8.26	 1.00	 44.99	 35.34	 8714.25	NaN	 NaN	 NaN	 NaN	 NaN	0.00	 39.28	 29.54
0.00	 1.00	 5.73	 5.73	-10.00	 8715.68	-14.08	 1.00	 44.96	 35.22	 8716.70	NaN	 NaN	 NaN	 NaN	 NaN	0.00	 39.27	 29.53
0.00	 1.00	 5.73	 5.73	NaN	 NaN	-19.91	 1.00	 44.93	 35.17	 8719.16	-5.74	 1.00	 45.03	 35.21	 8721.61	0.00	 39.26	 29.54
0.00	 1.00	 5.73	 5.73	-10.00	 8722.61	-11.57	 1.00	 44.96	 35.26	 8724.07	NaN	 NaN	 NaN	 NaN	 NaN	0.00	 39.27	 29.53
0.00	 1.00	 5.73	 5.73	NaN	 NaN	-17.40	 1.00	 44.92	 35.28	 8726.52	-3.23	 1.00	 44.94	 35.28	 8728.98	0.00	 39.27	 29.54
0.00	 1.00	 5.73	 5.73	-10.00	 8729.54	-9.06	 1.00	 45.04	 35.19	 8731.43	NaN	 NaN	 NaN	 NaN	 NaN	0.00	 39.26	 29.54
0.00	 1.00	 5.73	 5.73	NaN	 NaN	-14.89	 1.00	 44.98	 35.30	 8733.88	-0.72	 1.00	 44.98	 35.18	 8736.34	0.00	 39.28	 29.55
0.00	 1.00	 5.73	 5.73	-10.00	 8736.46	-6.55	 1.00	 45.01	 35.30	 8738.79	NaN	 NaN	 NaN	 NaN	 NaN	0.00	 39.28	 29.53
0.00	 1.00	 5.73	 5.73	NaN	 NaN	-12.38	 1.00	 45.00	 35.35	 8741.25	NaN	 NaN	 NaN	 NaN	 NaN	0.00	 39.28	 29.53
0.00	 1.00	 5.73	 5.73	-10.00	 8743.39	-18.21	 1.00	 45.02	 35.34	 8743.70	-4.04	 1.00	 44.93	 35.20	 8746.16	0.00	 39.27	 29.54
0.00	 1.00	 5.73	 5.73	NaN	 NaN	-9.87	 1.00	 45.06	 35.24	 8748.61	NaN	 NaN	 NaN	 NaN	 NaN	0.00	 39.27	 29.54
0.00	 1.00	 5.73	 5.73	-10.00	 8750.32	-15.70	 1.00	 44.94	 35.35	 8751.07	-1.53	 1.00	 44.97	 35.31	 8753.52	0.00	 39.26	 29.54
0.00	 1.00	 5.73	 5.73	NaN	 NaN	-7.36	 1.00	 45.04	 35.34	 8755.97	NaN	 NaN	 NaN	 NaN	 NaN	0.00	 39.28	 29.52
0.00	 1.00	 5.73	 5.73	-10.00	 8757.25	-13.19	 1.00	 45.02	 35.31	 8758.43	NaN	 NaN	 NaN	 NaN	 NaN	0.00	 39.27	 29.54
0.00	 1.00	 5.73	 5.73	NaN	 NaN	-19.02	 1.00	 44.97	 35.22	 8760.88	-4.85	 1.00	 45.07	 35.25	 8763.34	0.00	 39.28	 29.53
0.00	 1.00	 5.73	 5.73	-10.00	 8764.18	-10.68	 1.00	 45.08	 35.30	 8765.79	NaN	 NaN	 NaN	 NaN	 NaN	0.00	 39.28	 29.53
0.00	 1.00	 5.73	 5.73	NaN	 NaN	-16.51	 1.00	 45.02	 35.19	 8768.25	-2.34	 1.00	 45.08	 35.25	 8770.70	0.00	 39.28	 29.52
0.00	 1.00	 5.73	 5.73	-10.00	 8771.11	-8.17	 1.00	 45.01	 35.25	 8773.15	NaN	 NaN	 NaN	 NaN	 NaN	0.00	 39.26	 29.55
0.00	 1.00	 5.73	 5.73	NaN	 NaN	-14.00	 1.00	 44.95	 35.34	 8775.61	NaN	 NaN	 NaN	 NaN	 NaN	0.00	 39.27	 29.53
0.00	 1.00	 5.73	 5.73	-10.00	 8778.03	-19.83	 1.00	 45.01	 35.17	 8778.06	-5.66	 1.00	 45.02	 35.23	 8780.52	0.00	 39.26	 29.54
0.00	 1.00	 5.73	 5.73	NaN	 NaN	-11.49	 1.00	 45.00	 35.34	 8782.97	NaN	 NaN	 NaN	 NaN	 NaN	0.00	 39.26	 29.53
0.00	 1.00	 5.73	 5.73	-10.00	 8784.96	-17.32	 1.00	 44.97	 35.34	 8785.43	-3.15	 1.00	 45.02	 35.17	 8787.88	0.00	 39.27	 29.54
0.00	 1.00	 5.73	 5.73	NaN	 NaN	-8.98	 1.00	 45.08	 35.30	 8790.33	NaN	 NaN	 NaN	 NaN	 NaN	0.00	 39.27	 29.54
0.00	 1.00	 5.73	 5.73	-10.00	 8791.89	-14.81	 1.00	 45.09	 35.20	 8792.79	-0.64	 1.00	 44.93	 35.35	 8795.24	0.00	 39.28	 29.54
0.00	 1.00	 5.73	 5.73	NaN	 NaN	-6.47	 1.00	 45.04	 35.18	 8797.70	NaN	 NaN	 NaN	 NaN	 NaN	0.00	 39.27	 29.53
0.00	 1.00	 5.73	 5.73	-10.00	 8798.82	-12.30	 1.00	 45.05	 35.31	 8800.15	NaN	 NaN	 NaN	 NaN	 NaN	0.00	 39.28	 29.53
0.00	 1.00	 5.73	 5.73	NaN	 NaN	-18.13	 1.00	 45.08	 35.30	 8802.61	-3.96	 1.00	 44.93	 35.17	 8805.06	0.00	 39.28	 29.53
0.00	 1.00	 5.73	 5.73	-10.00	 8805.75	-9.79	 1.00	 44.91	 35.17	 8807.52	NaN	 NaN	 NaN	 NaN	 NaN	0.00	 39.27	 29.54
0.00	 1.00	 5.73	 5.73	NaN	 NaN	-15.62	 1.00	 44.95	 35.33	 8809.97	-1.45	 1.00	 45.01	 35.27	 8812.42	0.00	 39.26	 29.53
0.00	 1.00	 5.73	 5.73	-10.00	 8812.67	-7.28	 1.00	 45.06	 35.19	 8814.88	NaN	 NaN	 NaN	 NaN	 NaN	0.00	 39.27	 29.54
0.00	 1.00	 5.73	 5.73	NaN	 NaN	-13.11	 1.00	 44.96	 35.28	 8817.33	NaN	 NaN	 NaN	 NaN	 NaN	0.00	 39.27	 29.53
0.00	 1.00	 5.73	 5.73	-10.00	 8819.60	-18.94	 1.00	 45.08	 35.28	 8819.79	-4.77	 1.00	 44.91	 35.32	 8822.24	0.00	 39.28	 29.53
0.00	 1.00	 5.73	 5.73	NaN	 NaN	-10.60	 1.00	 44.95	 35.32	 8824.70	NaN	 NaN	 NaN	 NaN	 NaN	0.00	 39.28	 29.54
0.00	 1.00	 5.73	 5.73	-10.00	 8826.53	-16.43	 1.00	 44.98	 35.33	 8827.15	-2.25	 1.00	 45.04	 35.28	 8829.60	0.00	 39.26	 29.53
0.00	 1.00	 5.73	 5.73	NaN	 NaN	-8.08	 1.00	 44.93	 35.18	 8832.06	NaN	 NaN	 NaN	 NaN	 NaN	0.00	 39.28	 29.54
0.00	 1.00	 5.73	 5.73	-10.00	 8833.46	-13.91	 1.00	 44.93	 35.18	 8834.51	NaN	 NaN	 NaN	 NaN	 NaN	0.00	 39.28	 29.53
0.00	 1.00	 5.73	 5.73	NaN	 NaN	-19.74	 1.00	 44.93	 35.21	 8836.97	-5.57	 1.00	 45.04	 35.28	 8839.42	0.00	 39.27	 29.54
0.00	 1.00	 5.73	 5.73	-10.00	 8840.39	-11.40	 1.00	 44.91	 35.18	 8841.88	NaN	 NaN	 NaN	 NaN	 NaN	0.00	 39.27	 29.53
0.00	 1.00	 5.73	 5.73	NaN	 NaN	-17.23	 1.00	 45.08	 35.28	 8844.33	-3.06	 1.00	 44.95	 35.22	 8846.78	0.00	 39.27	 29.53
0.00	 1.00	 5.73	 5.73	-10.00	 8847.32	-8.89	 1.00	 45.04	 35.21	 8849.24	NaN	 NaN	 NaN	 NaN	 NaN	0.00	 39.28	 29.55
0.00	 1.00	 5.73	 5.73	NaN	 NaN	-14.72	 1.00	 45.01	 35.35	 8851.69	-0.55	 1.00	 45.06	 35.21	 8854.15	0.00	 39.26	 29.54
0.00	 1.00	 5.73	 5.73	-10.00	 8854.24	-6.38	 1.00	 45.00	 35.29	 8856.60	NaN	 NaN	 NaN	 NaN	 NaN	0.00	 39.27	 29.54
0.00	 1.00	 5.73	 5.73	NaN	 NaN	-12.21	 1.00	 45.06	 35.20	 8859.06	NaN	 NaN	 NaN	 NaN	 NaN	0.00	 39.26	 29.54
0.00	 1.00	 5.73	 5.73	-10.00	 8861.17	-18.04	 1.00	 44.91	 35.18	 8861.51	-3.87	 1.00	 45.00	 35.28	 8863.97	0.00	 39.27	 29.53
0.00	 1.00	 5.73	 5.73	NaN	 NaN	-9.70	 1.00	 45.01	 35.23	 8866.42	NaN	 NaN	 NaN	 NaN	 NaN	0.00	 39.28	 29.54
0.00	 1.00	 5.73	 5.73	-10.00	 8868.10	-15.53	 1.00	 45.09	 35.28	 8868.87	-1.36	 1.00	 44.98	 35.27	 8871.33	0.00	 39.27	 29.53
0.00	 1.00	 5.73	 5.73	NaN	 NaN	-7.19	 1.00	 45.04	 35.30	 8873.78	NaN	 NaN	 NaN	 NaN	 NaN	0.00	 39.28	 29.54
0.00	 1.00	 5.73	 5.73	-10.00	 8875.03	-13.02	 1.00	 44.96	 35.18	 8876.24	NaN	 NaN	 NaN	 NaN	 NaN	0.00	 39.28	 29.53
0.00	 1.00	 5.73	 5.73	NaN	 NaN	-18.85	 1.00	 44.98	 35.29	 8878.69	-4.68	 1.00	 44.95	 35.31	 8881.15	0.00	 39.28	 29.53
0.00	 1.00	 5.73	 5.73	-10.00	 8881.96	-10.51	 1.00	 44.92	 35.22	 8883.60	NaN	 NaN	 NaN	 NaN	 NaN	0.00	 39.27	 29.54
0.00	 1.00	 5.73	 5.73	NaN	 NaN	-16.34	 1.00	 45.05	 35.21	 8886.05	-2.17	 1.00	 45.03	 35.27	 8888.51	0.00	 39.28	 29.53
0.00	 1.00	 5.73	 5.73	-10.00	 8888.88	-8.00	 1.00	 45.08	 35.22	 8890.96	NaN	 NaN	 NaN	 NaN	 NaN	0.00	 39.28	 29.54
0.00	 1.00	 5.73	 5.73	NaN	 NaN	-13.83	 1.00	 44.92	 35.31	 8893.42	NaN	 NaN	 NaN	 NaN	 NaN	0.00	 39.27	 29.53
0.00	 1.00	 5.73	 5.73	-10.00	 8895.81	-19.66	 1.00	 45.05	 35.34	 8895.87	-5.49	 1.00	 45.08	 35.17	 8898.33	0.00	 39.26	 29.53
0.00	 1.00	 5.73	 5.73	NaN	 NaN	-11.32	 1.00	 44.95	 35.29	 8900.78	NaN	 NaN	 NaN	 NaN	 NaN	0.00	 39.26	 29.53
0.00	 1.00	 5.73	 5.73	-10.00	 8902.74	-17.15	 1.00	 45.08	 35.35	 8903.24	-2.98	 1.00	 45.01	 35.34	 8905.69	0.00	 39.28	 29.52
0.00	 1.00	 5.73	 5.73	NaN	 NaN	-8.81	 1.00	 45.03	 35.24	 8908.14	NaN	 NaN	 NaN	 NaN	 NaN	0.00	 39.26	 29.54
0.00	 1.00	 5.73	 5.73	-10.00	 8909.67	-14.64	 1.00	 45.00	 35.28	 8910.60	-0.47	 1.00	 45.01	 35.35	 8913.05	0.00	 39.28	 29.54
0.00	 1.00	 5.73	 5.73	NaN	 NaN	-6.30	 1.00	 45.08	 35.24	 8915.51	NaN	 NaN	 NaN	 NaN	 NaN	0.00	 39.28	 29.52
0.00	 1.00	 5.73	 5.73	-10.00	 8916.60	-12.13	 1.00	 45.08	 35.20	 8917.96	NaN	 NaN	 NaN	 NaN	 NaN	0.00	 39.28	 29.53
0.00	 1.00	 5.73	 5.73	NaN	 NaN	-17.96	 1.00	 44.93	 35.19	 8920.42	-3.79	 1.00	 45.00	 35.17	 8922.87	0.00	 39.28	 29.54
0.00	 1.00	 5.73	 5.73	-10.00	 8923.53	-9.62	 1.00	 45.08	 35.33	 8925.32	NaN	 NaN	 NaN	 NaN	 NaN	0.00	 39.28	 29.53
0.00	 1.00	 5.73	 5.73	NaN	 NaN	-15.45	 1.00	 44.91	 35.20	 8927.78	-1.28	 1.00	 44.97	 35.19	 8930.23	0.00	 39.28	 29.53
0.00	 1.00	 5.73	 5.73	-10.00	 8930.45	-7.11	 1.00	 45.06	 35.23	 8932.69	NaN	 NaN	 NaN	 NaN	 NaN	0.00	 39.28	 29.54
0.00	 1.00	 5.73	 5.73	NaN	 NaN	-12.94	 1.00	 45.08	 35.28	 8935.14	NaN	 NaN	 NaN	 NaN	 NaN	0.00	 39.28	 29.52
0.00	 1.00	 5.73	 5.73	-10.00	 8937.38	-18.77	 1.00	 45.07	 35.33	 8937.60	-4.59	 1.00	 45.07	 35.26	 8940.05	0.00	 39.28	 29.54
0.00	 1.00	 5.73	 5.73	NaN	 NaN	-10.42	 1.00	 45.01	 35.32	 8942.50	NaN	 NaN	 NaN	 NaN	 NaN	0.00	 39.27	 29.53
0.00	 1.00	 5.73	 5.73	-10.00	 8944.31	-16.25	 1.00	 44.96	 35.26	 8944.96	-2.08	 1.00	 45.02	 35.17	 8947.41	0.00	 39.27	 29.53
0.00	 1.00	 5.73	 5.73	NaN	 NaN	-7.91	 1.00	 45.02	 35.25	 8949.87	NaN	 NaN	 NaN	 NaN	 NaN	0.00	 39.26	 29.54
0.00	 1.00	 5.73	 5.73	-10.00	 8951.24	-13.74	 1.00	 45.06	 35.23	 8952.32	NaN	 NaN	 NaN	 NaN	 NaN	0.00	 39.27	 29.53
0.00	 1.00	 5.73	 5.73	NaN	 NaN	-19.57	 1.00	 45.07	 35.28	 8954.78	-5.40	 1.00	 44.94	 35.32	 8957.23	0.00	 39.28	 29.54
0.00	 1.00	 5.73	 5.73	-10.00	 8958.17	-11.23	 1.00	 45.02	 35.18	 8959.69	NaN	 NaN	 NaN	 NaN	 NaN	0.00	 39.28	 29.54
0.00	 1.00	 5.73	 5.73	NaN	 NaN	-17.06	 1.00	 44.99	 35.30	 8962.14	-2.89	 1.00	 45.08	 35.17	 8964.59	0.00	 39.27	 29.55
0.00	 1.00	 5.73	 5.73	-10.00	 8965.09	-8.72	 1.00	 45.09	 35.24	 8967.05	NaN	 NaN	 NaN	 NaN	 NaN	0.00	 39.26	 29.54
0.00	 1.00	 5.73	 5.73	NaN	 NaN	-14.55	 1.00	 45.09	 35.28	 8969.50	-0.38	 1.00	 45.06	 35.28	 8971.96	0.00	 39.28	 29.53
0.00	 1.00	 5.73	 5.73	-10.00	 8972.02	-6.21	 1.00	 45.02	 35.22	 8974.41	NaN	 NaN	 NaN	 NaN	 NaN	0.00	 39.26	 29.54
0.00	 1.00	 5.73	 5.73	NaN	 NaN	-12.04	 1.00	 45.02	 35.31	 8976.87	NaN	 NaN	 NaN	 NaN	 NaN	0.00	 39.26	 29.54
0.00	 1.00	 5.73	 5.73	-10.00	 8978.95	-17.87	 1.00	 45.06	 35.31	 8979.32	-3.70	 1.00	 45.04	 35.33	 8981.77	0.00	 39.26	 29.53
0.00	 1.00	 5.73	 5.73	NaN	 NaN	-9.53	 1.00	 44.97	 35.30	 8984.23	NaN	 NaN	 NaN	 NaN	 NaN	0.00	 39.28	 29.54
0.00	 1.00	 5.73	 5.73	-10.00	 8985.88	-15.36	 1.00	 44.99	 35.24	 8986.68	-1.19	 1.00	 44.98	 35.25	 8989.14	0.00	 39.27	 29.54
0.00	 1.00	 5.73	 5.73	NaN	 NaN	-7.02	 1.00	 44.97	 35.29	 8991.59	NaN	 NaN	 NaN	 NaN	 NaN	0.00	 39.27	 29.55
0.00	 1.00	 5.73	 5.73	-10.00	 8992.81	-12.85	 1.00	 44.99	 35.36	 8994.05	NaN	 NaN	 NaN	 NaN	 NaN	0.00	 39.27	 29.53
0.00	 1.00	 5.73	 5.73	NaN	 NaN	-18.68	 1.00	 45.03	 35.21	 8996.50	-4.51	 1.00	 44.99	 35.23	 8998.95	0.00	 39.26	 29.55
0.00	 1.00	 5.73	 5.73	-10.00	 8999.74	-10.34	 1.00	 45.05	 35.34	 9001.41	NaN	 NaN	 NaN	 NaN	 NaN	0.00	 39.27	 29.54
0.00	 1.00	 5.73	 5.73	NaN	 NaN	-16.17	 1.00	 45.07	 35.30	 9003.86	-2.00	 1.00	 44.96	 35.22	 9006.32	0.00	 39.27	 29.54
0.00	 1.00	 5.73	 5.73	-10.00	 9006.66	-7.83	 1.00	 45.06	 35.27	 9008.77	NaN	 NaN	 NaN	 NaN	 NaN	0.00	 39.26	 29.54
0.00	 1.00	 5.73	 5.73	NaN	 NaN	-13.66	 1.00	 45.05	 35.28	 9011.23	NaN	 NaN	 NaN	 NaN	 NaN	0.00	 39.28	 29.54
0.00	 1.00	 5.73	 5.73	-10.00	 9013.59	-19.49	 1.00	 45.04	 35.27	 9013.68	-5.32	 1.00	 45.05	 35.28	 9016.14	0.00	 39.28	 29.53
0.00	 1.00	 5.73	 5.73	NaN	 NaN	-11.15	 1.00	 44.99	 35.23	 9018.59	NaN	 NaN	 NaN	 NaN	 NaN	0.00	 39.27	 29.53
0.00	 1.00	 5.73	 5.73	-10.00	 9020.52	-16.98	 1.00	 44.92	 35.24	 9021.04	-2.81	 1.00	 44.92	 35.36	 9023.50	0.00	 39.27	 29.53
0.00	 1.00	 5.73	 5.73	NaN	 NaN	-8.64	 1.00	 44.94	 35.32	 9025.95	NaN	 NaN	 NaN	 NaN	 NaN	0.00	 39.28	 29.52
0.00	 1.00	 5.73	 5.73	-10.00	 9027.45	-14.47	 1.00	 45.07	 35.30	 9028.41	-0.30	 1.00	 45.01	 35.20	 9030.86	0.00	 39.26	 29.52
0.00	 1.00	 5.73	 5.73	NaN	 NaN	-6.13	 1.00	 44.99	 35.23	 9033.32	NaN	 NaN	 NaN	 NaN	 NaN	0.00	 39.26	 29.53
0.00	 1.00	 5.73	 5.73	-10.00	 9034.38	-11.96	 1.00	 44.95	 35.28	 9035.77	NaN	 NaN	 NaN	 NaN	 NaN	0.00	 39.28	 29.53
0.00	 1.00	 5.73	 5.73	NaN	 NaN	-17.79	 1.00	 44.97	 35.34	 9038.22	-3.62	 1.00	 45.07	 35.22	 9040.68	0.00	 39.27	 29.54
0.00	 1.00	 5.73	 5.73	-10.00	 9041.31	-9.45	 1.00	 44.93	 35.21	 9043.13	NaN	 NaN	 NaN	 NaN	 NaN	0.00	 39.27	 29.53
0.00	 1.00	 5.73	 5.73	NaN	 NaN	-15.28	 1.00	 45.00	 35.31	 9045.59	-1.11	 1.00	 44.95	 35.22	 9048.04	0.00	 39.26	 29.52
0.00	 1.00	 5.73	 5.73	-10.00	 9048.23	-6.94	 1.00	 45.06	 35.25	 9050.50	NaN	 NaN	 NaN	 NaN	 NaN	0.00	 39.28	 29.54
0.00	 1.00	 5.73	 5.73	NaN	 NaN	-12.76	 1.00	 45.02	 35.21	 9052.95	NaN	 NaN	 NaN	 NaN	 NaN	0.00	 39.27	 29.54
0.00	 1.00	 5.73	 5.73	-10.00	 9055.16	-18.59	 1.00	 44.93	 35.27	 9055.41	-4.42	 1.00	 45.00	 35.20	 9057.86	0.00	 39.26	 29.54
0.00	 1.00	 5.73	 5.73	NaN	 NaN	-10.25	 1.00	 45.02	 35.27	 9060.31	NaN	 NaN	 NaN	 NaN	 NaN	0.00	 39.28	 29.54
0.00	 1.00	 5.73	 5.73	-10.00	 9062.09	-16.08	 1.00	 45.03	 35.20	 9062.77	-1.91	 1.00	 45.05	 35.21	 9065.22	0.00	 39.27	 29.53
0.00	 1.00	 5.73	 5.73	NaN	 NaN	-7.74	 1.00	 45.00	 35.32	 9067.68	NaN	 NaN	 NaN	 NaN	 NaN	0.00	 39.27	 29.54
0.00	 1.00	 5.73	 5.73	-10.00	 9069.02	-13.57	 1.00	 44.91	 35.23	 9070.13	NaN	 NaN	 NaN	 NaN	 NaN	0.00	 39.28	 29.53
0.00	 1.00	 5.73	 5.73	NaN	 NaN	-19.40	 1.00	 45.07	 35.33	 9072.59	-5.23	 1.00	 45.01	 35.33	 9075.04	0.00	 39.27	 29.54
0.00	 1.00	 5.73	 5.73	-10.00	 9075.95	-11.06	 1.00	 45.08	 35.33	 9077.49	NaN	 NaN	 NaN	 NaN	 NaN	0.00	 39.28	 29.54
0.00	 1.00	 5.73	 5.73	NaN	 NaN	-16.89	 1.00	 45.06	 35.19	 9079.95	-2.72	 1.00	 45.03	 35.30	 9082.40	0.00	 39.28	 29.53
0.00	 1.00	 5.73	 5.73	-10.00	 9082.87	-8.55	 1.00	 45.02	 35.32	 9084.86	NaN	 NaN	 NaN	 NaN	 NaN	0.00	 39.28	 29.54
0.00	 1.00	 5.73	 5.73	NaN	 NaN	-14.38	 1.00	 44.92	 35.32	 9087.31	-0.21	 1.00	 45.04	 35.22	 9089.77	0.00	 39.27	 29.54
0.00	 1.00	 5.73	 5.73	-10.00	 9089.80	-6.04	 1.00	 44.96	 35.29	 9092.22	NaN	 NaN	 NaN	 NaN	 NaN	0.00	 39.28	 29.54
0.00	 1.00	 5.73	 5.73	NaN	 NaN	-11.87	 1.00	 44.97	 35.32	 9094.67	NaN	 NaN	 NaN	 NaN	 NaN	0.00	 39.26	 29.54
0.00	 1.00	 5.73	 5.73	-10.00	 9096.73	-17.70	 1.00	 44.99	 35.32	 9097.13	-3.53	 1.00	 45.09	 35.23	 9099.58	0.00	 39.28	 29.54
0.00	 1.00	 5.73	 5.73	NaN	 NaN	-9.36	 1.00	 44.94	 35.34	 9102.04	NaN	 NaN	 NaN	 NaN	 NaN	0.00	 39.27	 29.55
0.00	 1.00	 5.73	 5.73	-10.00	 9103.66	-15.19	 1.00	 45.01	 35.36	 9104.49	-1.02	 1.00	 45.02	 35.36	 9106.95	0.00	 39.26	 29.53
0.00	 1.00	 5.73	 5.73	NaN	 NaN	-6.85	 1.00	 45.01	 35.27	 9109.40	NaN	 NaN	 NaN	 NaN	 NaN	0.00	 39.28	 29.54
0.00	 1.00	 5.73	 5.73	-10.00	 9110.59	-12.68	 1.00	 44.93	 35.24	 9111.86	NaN	 NaN	 NaN	 NaN	 NaN	0.00	 39.28	 29.52
0.00	 1.00	 5.73	 5.73	NaN	 NaN	-18.51	 1.00	 44.91	 35.20	 9114.31	-4.34	 1.00	 45.04	 35.17	 9116.76	0.00	 39.27	 29.53
0.00	 1.00	 5.73	 5.73	-10.00	 9117.52	-10.17	 1.00	 44.98	 35.33	 9119.22	NaN	 NaN	 NaN	 NaN	 NaN	0.00	 39.27	 29.54
0.00	 1.00	 5.73	 5.73	NaN	 NaN	-16.00	 1.00	 45.03	 35.30	 9121.67	-1.83	 1.00	 44.94	 35.25	 9124.13	0.00	 39.28	 29.53
0.00	 1.00	 5.73	 5.73	-10.00	 9124.44	-7.66	 1.00	 45.01	 35.36	 9126.58	NaN	 NaN	 NaN	 NaN	 NaN	0.00	 39.27	 29.54
0.00	 1.00	 5.73	 5.73	NaN	 NaN	-13.49	 1.00	 44.95	 35.22	 9129.04	NaN	 NaN	 NaN	 NaN	 NaN	0.00	 39.27	 29.54
0.00	 1.00	 5.73	 5.73	-10.00	 9131.37	-19.32	 1.00	 44.96	 35.31	 9131.49	-5.15	 1.00	 44.99	 35.18	 9133.94	0.00	 39.27	 29.53
0.00	 1.00	 5.73	 5.73	NaN	 NaN	-10.98	 1.00	 45.00	 35.21	 9136.40	NaN	 NaN	 NaN	 NaN	 NaN	0.00	 39.28	 29.53
0.00	 1.00	 5.73	 5.73	-10.00	 9138.30	-16.81	 1.00	 45.05	 35.23	 9138.85	-2.64	 1.00	 44.92	 35.28	 9141.31	0.00	 39.27	 29.55
0.00	 1.00	 5.73	 5.73	NaN	 NaN	-8.47	 1.00	 45.06	 35.24	 9143.76	NaN	 NaN	 NaN	 NaN	 NaN	0.00	 39.26	 29.54
0.00	 1.00	 5.73	 5.73	-10.00	 9145.23	-14.30	 1.00	 45.04	 35.27	 9146.22	-0.13	 1.00	 45.01	 35.35	 9148.67	0.00	 39.26	 29.54
0.00	 1.00	 5.73	 5.73	NaN	 NaN	-5.96	 1.00	 45.05	 35.17	 9151.12	NaN	 NaN	 NaN	 NaN	 NaN	0.00	 39.27	 29.53
0.00	 1.00	 5.73	 5.73	-10.00	 9152.16	-11.79	 1.00	 45.04	 35.26	 9153.58	NaN	 NaN	 NaN	 NaN	 NaN	0.00	 39.28	 29.54
0.00	 1.00	 5.73	 5.73	NaN	 NaN	-17.62	 1.00	 45.08	 35.21	 9156.03	-3.45	 1.00	 44.96	 35.18	 9158.49	0.00	 39.26	 29.54
0.00	 1.00	 5.73	 5.73	-10.00	 9159.08	-9.28	 1.00	 44.99	 35.19	 9160.94	NaN	 NaN	 NaN	 NaN	 NaN	0.00	 39.26	 29.54
0.00	 1.00	 5.73	 5.73	NaN	 NaN	-15.10	 1.00	 45.02	 35.32	 9163.40	-0.93	 1.00	 45.04	 35.32	 9165.85	0.00	 39.26	 29.54
0.00	 1.00	 5.73	 5.73	-10.00	 9166.01	-6.76	 1.00	 44.97	 35.33	 9168.31	NaN	 NaN	 NaN	 NaN	 NaN	0.00	 39.26	 29.54
0.00	 1.00	 5.73	 5.73	NaN	 NaN	-12.59	 1.00	 44.99	 35.33	 9170.76	NaN	 NaN	 NaN	 NaN	 NaN	0.00	 39.28	 29.54
0.00	 1.00	 5.73	 5.73	-10.00	 9172.94	-18.42	 1.00	 45.02	 35.20	 9173.21	-4.25	 1.00	 44.92	 35.17	 9175.67	0.00	 39.27	 29.54
0.00	 1.00	 5.73	 5.73	NaN	 NaN	-10.08	 1.00	 44.92	 35.26	 9178.12	NaN	 NaN	 NaN	 NaN	 NaN	0.00	 39.28	 29.54
0.00	 1.00	 5.73	 5.73	-10.00	 9179.87	-15.91	 1.00	 44.93	 35.17	 9180.58	-1.74	 1.00	 45.05	 35.24	 9183.03	0.00	 39.27	 29.53
0.00	 1.00	 5.73	 5.73	NaN	 NaN	-7.57	 1.00	 45.04	 35.26	 9185.49	NaN	 NaN	 NaN	 NaN	 NaN	0.00	 39.28	 29.54
0.00	 1.00	 5.73	 5.73	-10.00	 9186.80	-13.40	 1.00	 44.99	 35.26	 9187.94	NaN	 NaN	 NaN	 NaN	 NaN	0.00	 39.26	 29.54
0.00	 1.00	 5.73	 5.73	NaN	 NaN	-19.23	 1.00	 45.00	 35.32	 9190.39	-5.06	 1.00	 44.98	 35.34	 9192.85	0.00	 39.28	 29.53
0.00	 1.00	 5.73	 5.73	-10.00	 9193.73	-10.89	 1.00	 44.92	 35.32	 9195.30	NaN	 NaN	 NaN	 NaN	 NaN	0.00	 39.28	 29.54
0.00	 1.00	 5.73	 5.73	NaN	 NaN	-16.72	 1.00	 44.93	 35.29	 9197.76	-2.55	 1.00	 44.91	 35.27	 9200.21	0.00	 39.27	 29.52
0.00	 1.00	 5.73	 5.73	-10.00	 9200.65	-8.38	 1.00	 44.91	 35.35	 9202.67	NaN	 NaN	 NaN	 NaN	 NaN	0.00	 39.26	 29.54
0.00	 1.00	 5.73	 5.73	NaN	 NaN	-14.21	 1.00	 45.07	 35.32	 9205.12	-0.04	 1.00	 45.07	 35.20	 9207.58	0.00	 39.26	 29.53
0.00	 1.00	 5.73	 5.73	-10.00	 9207.58	-5.87	 1.00	 44.94	 35.20	 9210.03	NaN	 NaN	 NaN	 NaN	 NaN	0.00	 39.27	 29.53
0.00	 1.00	 5.73	 5.73	NaN	 NaN	-11.70	 1.00	 45.02	 35.34	 9212.48	NaN	 NaN	 NaN	 NaN	 NaN	0.00	 39.28	 29.53
0.00	 1.00	 5.73	 5.73	-10.00	 9214.51	-17.53	 1.00	 45.09	 35.30	 9214.94	-3.36	 1.00	 45.04	 35.34	 9217.39	0.00	 39.27	 29.54
0.00	 1.00	 5.73	 5.73	NaN	 NaN	-9.19	 1.00	 44.98	 35.22	 9219.85	NaN	 NaN	 NaN	 NaN	 NaN	0.00	 39.26	 29.53
0.00	 1.00	 5.73	 5.73	-10.00	 9221.44	-15.02	 1.00	 44.94	 35.19	 9222.30	-0.85	 1.00	 45.06	 35.20	 9224.76	0.00	 39.27	 29.54
0.00	 1.00	 5.73	 5.73	NaN	 NaN	-6.68	 1.00	 44.96	 35.33	 9227.21	NaN	 NaN	 NaN	 NaN	 NaN	0.00	 39.27	 29.53
0.00	 1.00	 5.73	 5.73	-10.00	 9228.37	-12.51	 1.00	 44.97	 35.36	 9229.66	NaN	 NaN	 NaN	 NaN	 NaN	0.00	 39.27	 29.53
0.00	 1.00	 5.73	 5.73	NaN	 NaN	-18.34	 1.00	 44.96	 35.27	 9232.12	-4.17	 1.00	 44.97	 35.34	 9234.57	0.00	 39.27	 29.54
0.00	 1.00	 5.73	 5.73	-10.00	 9235.29	-10.00	 1.00	 44.98	 35.25	 9237.03	NaN	 NaN	 NaN	 NaN	 NaN	0.00	 39.26	 29.54
0.00	 1.00	 5.73	 5.73	NaN	 NaN	-15.83	 1.00	 45.00	 35.35	 9239.48	-1.66	 1.00	 44.92	 35.31	 9241.94	0.00	 39.27	 29.55
0.00	 1.00	 5.73	 5.73	-10.00	 9242.22	-7.49	 1.00	 45.07	 35.17	 9244.39	NaN	 NaN	 NaN	 NaN	 NaN	0.00	 39.26	 29.53
0.00	 1.00	 5.73	 5.73	NaN	 NaN	-13.32	 1.00	 45.00	 35.23	 9246.84	NaN	 NaN	 NaN	 NaN	 NaN	0.00	 39.28	 29.54
0.00	 1.00	 5.73	 5.73	-10.00	 9249.15	-19.15	 1.00	 45.06	 35.28	 9249.30	-4.98	 1.00	 45.03	 35.26	 9251.75	0.00	 39.28	 29.53
0.00	 1.00	 5.73	 5.73	NaN	 NaN	-10.81	 1.00	 45.02	 35.22	 9254.21	NaN	 NaN	 NaN	 NaN	 NaN	0.00	 39.27	 29.55
0.00	 1.00	 5.73	 5.73	-10.00	 9256.08	-16.64	 1.00	 44.91	 35.28	 9256.66	-2.47	 1.00	 44.97	 35.27	 9259.12	0.00	 39.26	 29.54
0.00	 1.00	 5.73	 5.73	NaN	 NaN	-8.30	 1.00	 45.07	 35.25	 9261.57	NaN	 NaN	 NaN	 NaN	 NaN	0.00	 39.28	 29.52
0.00	 1.00	 5.73	 5.73	-10.00	 9263.01	-14.13	 1.00	 44.95	 35.24	 9264.03	NaN	 NaN	 NaN	 NaN	 NaN	0.00	 39.26	 29.53
0.00	 1.00	 5.73	 5.73	NaN	 NaN	-19.96	 1.00	 45.08	 35.35	 9266.48	-5.79	 1.00	 45.06	 35.34	 9268.93	0.00	 39.28	 29.53
0.00	 1.00	 5.73	 5.73	-10.00	 9269.94	-11.62	 1.00	 44.95	 35.19	 9271.39	NaN	 NaN	 NaN	 NaN	 NaN	0.00	 39.28	 29.53
0.00	 1.00	 5.73	 5.73	NaN	 NaN	-17.44	 1.00	 44.95	 35.23	 9273.84	-3.27	 1.00	 44.94	 35.28	 9276.30	0.00	 39.28	 29.53
0.00	 1.00	 5.73	 5.73	-10.00	 9276.86	-9.10	 1.00	 44.98	 35.32	 9278.75	NaN	 NaN	 NaN	 NaN	 NaN	0.00	 39.27	 29.54
0.00	 1.00	 5.73	 5.73	NaN	 NaN	-14.93	 1.00	 44.94	 35.30	 9281.21	-0.76	 1.00	 44.95	 35.28	 9283.66	0.00	 39.27	 29.53
0.00	 1.00	 5.73	 5.73	-10.00	 9283.79	-6.59	 1.00	 44.97	 35.18	 9286.11	NaN	 NaN	 NaN	 NaN	 NaN	0.00	 39.27	 29.54
0.00	 1.00	 5.73	 5.73	NaN	 NaN	-12.42	 1.00	 44.95	 35.30	 9288.57	NaN	 NaN	 NaN	 NaN	 NaN	0.00	 39.27	 29.53
0.00	 1.00	 5.73	 5.73	-10.00	 9290.72	-18.25	 1.00	 45.00	 35.27	 9291.02	-4.08	 1.00	 44.94	 35.28	 9293.48	0.00	 39.26	 29.53
0.00	 1.00	 5.73	 5.73	NaN	 NaN	-9.91	 1.00	 45.09	 35.33	 9295.93	NaN	 NaN	 NaN	 NaN	 NaN	0.00	 39.26	 29.54
0.00	 1.00	 5.73	 5.73	-10.00	 9297.65	-15.74	 1.00	 45.02	 35.36	 9298.39	-1.57	 1.00	 45.07	 35.28	 9300.84	0.00	 39.28	 29.53
0.00	 1.00	 5.73	 5.73	NaN	 NaN	-7.40	 1.00	 44.92	 35.19	 9303.29	NaN	 NaN	 NaN	 NaN	 NaN	0.00	 39.26	 29.53
0.00	 1.00	 5.73	 5.73	-10.00	 9304.58	-13.23	 1.00	 44.92	 35.26	 9305.75	NaN	 NaN	 NaN	 NaN	 NaN	0.00	 39.27	 29.53
0.00	 1.00	 5.73	 5.73	NaN	 NaN	-19.06	 1.00	 44.98	 35.36	 9308.20	-4.89	 1.00	 44.94	 35.35	 9310.66	0.00	 39.28	 29.54
0.00	 1.00	 5.73	 5.73	-10.00	 9311.51	-10.72	 1.00	 45.05	 35.33	 9313.11	NaN	 NaN	 NaN	 NaN	 NaN	0.00	 39.28	 29.54
0.00	 1.00	 5.73	 5.73	NaN	 NaN	-16.55	 1.00	 45.02	 35.30	 9315.57	-2.38	 1.00	 45.00	 35.17	 9318.02	0.00	 39.27	 29.54
0.00	 1.00	 5.73	 5.73	-10.00	 9318.43	-8.21	 1.00	 44.97	 35.26	 9320.48	NaN	 NaN	 NaN	 NaN	 NaN	0.00	 39.26	 29.55
0.00	 1.00	 5.73	 5.73	NaN	 NaN	-14.04	 1.00	 45.04	 35.26	 9322.93	NaN	 NaN	 NaN	 NaN	 NaN	0.00	 39.26	 29.54
0.00	 1.00	 5.73	 5.73	-10.00	 9325.36	-19.87	 1.00	 44.99	 35.20	 9325.38	-5.70	 1.00	 44.91	 35.31	 9327.84	0.00	 39.28	 29.54
0.00	 1.00	 5.73	 5.73	NaN	 NaN	-11.53	 1.00	 44.97	 35.36	 9330.29	NaN	 NaN	 NaN	 NaN	 NaN	0.00	 39.27	 29.53
0.00	 1.00	 5.73	 5.73	-10.00	 9332.29	-17.36	 1.00	 44.95	 35.23	 9332.75	-3.19	 1.00	 45.00	 35.31	 9335.20	0.00	 39.27	 29.54
0.00	 1.00	 5.73	 5.73	NaN	 NaN	-9.02	 1.00	 44.99	 35.19	 9337.66	NaN	 NaN	 NaN	 NaN	 NaN	0.00	 39.27	 29.54
0.00	 1.00	 5.73	 5.73	-10.00	 9339.22	-14.85	 1.00	 44.97	 35.27	 9340.11	-0.68	 1.00	 45.03	 35.32	 9342.56	0.00	 39.27	 29.54
0.00	 1.00	 5.73	 5.73	NaN	 NaN	-6.51	 1.00	 44.93	 35.17	 9345.02	NaN	 NaN	 NaN	 NaN	 NaN	0.00	 39.28	 29.54
0.00	 1.00	 5.73	 5.73	-10.00	 9346.15	-12.34	 1.00	 45.00	 35.32	 9347.47	NaN	 NaN	 NaN	 NaN	 NaN	0.00	 39.26	 29.53
0.00	 1.00	 5.73	 5.73	NaN	 NaN	-18.17	 1.00	 44.91	 35.30	 9349.93	-4.00	 1.00	 45.03	 35.25	 9352.38	0.00	 39.27	 29.54
0.00	 1.00	 5.73	 5.73	-10.00	 9353.07	-9.83	 1.00	 45.07	 35.29	 9354.84	NaN	 NaN	 NaN	 NaN	 NaN	0.00	 39.27	 29.53
0.00	 1.00	 5.73	 5.73	NaN	 NaN	-15.66	 1.00	 44.91	 35.26	 9357.29	-1.49	 1.00	 45.06	 35.33	 9359.74	0.00	 39.27	 29.54
0.00	 1.00	 5.73	 5.73	-10.00	 9360.00	-7.32	 1.00	 45.03	 35.30	 9362.20	NaN	 NaN	 NaN	 NaN	 NaN	0.00	 39.28	 29.53
0.00	 1.00	 5.73	 5.73	NaN	 NaN	-13.15	 1.00	 45.01	 35.22	 9364.65	NaN	 NaN	 NaN	 NaN	 NaN	0.00	 39.28	 29.54
0.00	 1.00	 5.73	 5.73	-10.00	 9366.93	-18.98	 1.00	 45.01	 35.30	 9367.11	-4.81	 1.00	 44.97	 35.33	 9369.56	0.00	 39.27	 29.53
0.00	 1.00	 5.73	 5.73	NaN	 NaN	-10.64	 1.00	 44.95	 35.31	 9372.02	NaN	 NaN	 NaN	 NaN	 NaN	0.00	 39.26	 29.53
0.00	 1.00	 5.73	 5.73	-10.00	 9373.86	-16.47	 1.00	 44.96	 35.32	 9374.47	-2.30	 1.00	 44.99	 35.32	 9376.93	0.00	 39.27	 29.53
0.00	 1.00	 5.73	 5.73	NaN	 NaN	-8.13	 1.00	 44.97	 35.21	 9379.38	NaN	 NaN	 NaN	 NaN	 NaN	0.00	 39.27	 29.54
0.00	 1.00	 5.73	 5.73	-10.00	 9380.79	-13.96	 1.00	 45.05	 35.23	 9381.83	NaN	 NaN	 NaN	 NaN	 NaN	0.00	 39.28	 29.54
0.00	 1.00	 5.73	 5.73	NaN	 NaN	-19.79	 1.00	 45.04	 35.31	 9384.29	-5.61	 1.00	 44.95	 35.21	 9386.74	0.00	 39.28	 29.54
0.00	 1.00	 5.73	 5.73	-10.00	 9387.72	-11.44	 1.00	 44.95	 35.20	 9389.20	NaN	 NaN	 NaN	 NaN	 NaN	0.00	 39.28	 29.54
0.00	 1.00	 5.73	 5.73	NaN	 NaN	-17.27	 1.00	 44.98	 35.17	 9391.65	-3.10	 1.00	 44.93	 35.30	 9394.11	0.00	 39.27	 29.53
0.00	 1.00	 5.73	 5.73	-10.00	 9394.64	-8.93	 1.00	 45.05	 35.18	 9396.56	NaN	 NaN	 NaN	 NaN	 NaN	0.00	 39.27	 29.52
0.00	 1.00	 5.73	 5.73	NaN	 NaN	-14.76	 1.00	 44.95	 35.21	 9399.01	-0.59	 1.00	 45.08	 35.30	 9401.47	0.00	 39.26	 29.53
0.00	 1.00	 5.73	 5.73	-10.00	 9401.57	-6.42	 1.00	 45.01	 35.23	 9403.92	NaN	 NaN	 NaN	 NaN	 NaN	0.00	 39.27	 29.53
0.00	 1.00	 5.73	 5.73	NaN	 NaN	-12.25	 1.00	 45.06	 35.25	 9406.38	NaN	 NaN	 NaN	 NaN	 NaN	0.00	 39.27	 29.52
0.00	 1.00	 5.73	 5.73	-10.00	 9408.50	-18.08	 1.00	 45.08	 35.30	 9408.83	-3.91	 1.00	 45.00	 35.19	 9411.29	0.00	 39.26	 29.55
0.00	 1.00	 5.73	 5.73	NaN	 NaN	-9.74	 1.00	 45.09	 35.20	 9413.74	NaN	 NaN	 NaN	 NaN	 NaN	0.00	 39.27	 29.53
0.00	 1.00	 5.73	 5.73	-10.00	 9415.43	-15.57	 1.00	 44.95	 35.25	 9416.20	-1.40	 1.00	 44.98	 35.20	 9418.65	0.00	 39.27	 29.54
0.00	 1.00	 5.73	 5.73	NaN	 NaN	-7.23	 1.00	 45.04	 35.20	 9421.10	NaN	 NaN	 NaN	 NaN	 NaN	0.00	 39.28	 29.53
0.00	 1.00	 5.73	 5.73	-10.00	 9422.36	-13.06	 1.00	 45.03	 35.31	 9423.56	NaN	 NaN	 NaN	 NaN	 NaN	0.00	 39.27	 29.54
0.00	 1.00	 5.73	 5.73	NaN	 NaN	-18.89	 1.00	 44.95	 35.28	 9426.01	-4.72	 1.00	 45.04	 35.29	 9428.47	0.00	 39.26	 29.53
0.00	 1.00	 5.73	 5.73	-10.00	 9429.28	-10.55	 1.00	 45.02	 35.23	 9430.92	NaN	 NaN	 NaN	 NaN	 NaN	0.00	 39.26	 29.54
0.00	 1.00	 5.73	 5.73	NaN	 NaN	-16.38	 1.00	 45.04	 35.35	 9433.38	-2.21	 1.00	 44.99	 35.32	 9435.83	0.00	 39.27	 29.54
0.00	 1.00	 5.73	 5.73	-10.00	 9436.21	-8.04	 1.00	 44.92	 35.33	 9438.28	NaN	 NaN	 NaN	 NaN	 NaN	0.00	 39.28	 29.54
0.00	 1.00	 5.73	 5.73	NaN	 NaN	-13.87	 1.00	 44.94	 35.24	 9440.74	NaN	 NaN	 NaN	 NaN	 NaN	0.00	 39.27	 29.53
0.00	 1.00	 5.73	 5.73	-10.00	 9443.14	-19.70	 1.00	 44.96	 35.18	 9443.19	-5.53	 1.00	 45.07	 35.24	 9445.65	0.00	 39.28	 29.52
0.00	 1.00	 5.73	 5.73	NaN	 NaN	-11.36	 1.00	 45.01	 35.26	 9448.10	NaN	 NaN	 NaN	 NaN	 NaN	0.00	 39.28	 29.54
0.00	 1.00	 5.73	 5.73	-10.00	 9450.07	-17.19	 1.00	 44.93	 35.21	 9450.56	-3.02	 1.00	 44.92	 35.27	 9453.01	0.00	 39.28	 29.54
0.00	 1.00	 5.73	 5.73	NaN	 NaN	-8.85	 1.00	 44.96	 35.24	 9455.46	NaN	 NaN	 NaN	 NaN	 NaN	0.00	 39.26	 29.53
0.00	 1.00	 5.73	 5.73	-10.00	 9457.00	-14.68	 1.00	 44.93	 35.32	 9457.92	-0.51	 1.00	 44.93	 35.36	 9460.37	0.00	 39.27	 29.55
0.00	 1.00	 5.73	 5.73	NaN	 NaN	-6.34	 1.00	 44.94	 35.28	 9462.83	NaN	 NaN	 NaN	 NaN	 NaN	0.00	 39.26	 29.54
0.00	 1.00	 5.73	 5.73	-10.00	 9463.93	-12.17	 1.00	 44.92	 35.32	 9465.28	NaN	 NaN	 NaN	 NaN	 NaN	0.00	 39.27	 29.54
0.00	 1.00	 5.73	 5.73	NaN	 NaN	-18.00	 1.00	 44.94	 35.27	 9467.74	-3.83	 1.00	 45.04	 35.20	 9470.19	0.00	 39.28	 29.53
0.00	 1.00	 5.73	 5.73	-10.00	 9470.85	-9.66	 1.00	 45.01	 35.21	 9472.65	NaN	 NaN	 NaN	 NaN	 NaN	0.00	 39.26	 29.52
0.00	 1.00	 5.73	 5.73	NaN	 NaN	-15.49	 1.00	 45.05	 35.31	 9475.10	-1.32	 1.00	 44.94	 35.33	 9477.55	0.00	 39.26	 29.53
0.00	 1.00	 5.73	 5.73	-10.00	 9477.78	-7.15	 1.00	 44.91	 35.33	 9480.01	NaN	 NaN	 NaN	 NaN	 NaN	0.00	 39.27	 29.54
0.00	 1.00	 5.73	 5.73	NaN	 NaN	-12.98	 1.00	 45.01	 35.25	 9482.46	NaN	 NaN	 NaN	 NaN	 NaN	0.00	 39.26	 29.55
0.00	 1.00	 5.73	 5.73	-10.00	 9484.71	-18.81	 1.00	 45.05	 35.31	 9484.92	-4.64	 1.00	 45.09	 35.22	 9487.37	0.00	 39.27	 29.54
0.00	 1.00	 5.73	 5.73	NaN	 NaN	-10.47	 1.00	 44.91	 35.35	 9489.83	NaN	 NaN	 NaN	 NaN	 NaN	0.00	 39.28	 29.53
0.00	 1.00	 5.73	 5.73	-10.00	 9491.64	-16.30	 1.00	 45.06	 35.31	 9492.28	-2.13	 1.00	 45.00	 35.30	 9494.73	0.00	 39.27	 29.54
0.00	 1.00	 5.73	 5.73	NaN	 NaN	-7.95	 1.00	 45.05	 35.24	 9497.19	NaN	 NaN	 NaN	 NaN	 NaN	0.00	 39.27	 29.53
0.00	 1.00	 5.73	 5.73	-10.00	 9498.57	-13.78	 1.00	 45.05	 35.31	 9499.64	NaN	 NaN	 NaN	 NaN	 NaN	0.00	 39.26	 29.53
0.00	 1.00	 5.73	 5.73	NaN	 NaN	-19.61	 1.00	 45.02	 35.25	 9502.10	-5.44	 1.00	 45.04	 35.17	 9504.55	0.00	 39.28	 29.54
0.00	 1.00	 5.73	 5.73	-10.00	 9505.49	-11.27	 1.00	 45.05	 35.34	 9507.01	NaN	 NaN	 NaN	 NaN	 NaN	0.00	 39.28	 29.54
0.00	 1.00	 5.73	 5.73	NaN	 NaN	-17.10	 1.00	 44.95	 35.19	 9509.46	-2.93	 1.00	 44.95	 35.23	 9511.91	0.00	 39.26	 29.54
0.00	 1.00	 5.73	 5.73	-10.00	 9512.42	-8.76	 1.00	 45.07	 35.27	 9514.37	NaN	 NaN	 NaN	 NaN	 NaN	0.00	 39.27	 29.52
0.00	 1.00	 5.73	 5.73	NaN	 NaN	-14.59	 1.00	 44.96	 35.20	 9516.82	-0.42	 1.00	 44.96	 35.29	 9519.28	0.00	 39.28	 29.53
0.00	 1.00	 5.73	 5.73	-10.00	 9519.35	-6.25	 1.00	 44.97	 35.26	 9521.73	NaN	 NaN	 NaN	 NaN	 NaN	0.00	 39.27	 29.54
0.00	 1.00	 5.73	 5.73	NaN	 NaN	-12.08	 1.00	 44.99	 35.33	 9524.19	NaN	 NaN	 NaN	 NaN	 NaN	0.00	 39.28	 29.53
0.00	 1.00	 5.73	 5.73	-10.00	 9526.28	-17.91	 1.00	 44.99	 35.23	 9526.64	-3.74	 1.00	 45.03	 35.21	 9529.10	0.00	 39.26	 29.53
0.00	 1.00	 5.73	 5.73	NaN	 NaN	-9.57	 1.00	 44.99	 35.23	 9531.55	NaN	 NaN	 NaN	 NaN	 NaN	0.00	 39.26	 29.53
0.00	 1.00	 5.73	 5.73	-10.00	 9533.21	-15.40	 1.00	 45.02	 35.34	 9534.00	-1.23	 1.00	 44.99	 35.32	 9536.46	0.00	 39.28	 29.54
0.00	 1.00	 5.73	 5.73	NaN	 NaN	-7.06	 1.00	 44.99	 35.29	 9538.91	NaN	 NaN	 NaN	 NaN	 NaN	0.00	 39.27	 29.53
0.00	 1.00	 5.73	 5.73	-10.00	 9540.14	-12.89	 1.00	 44.93	 35.25	 9541.37	NaN	 NaN	 NaN	 NaN	 NaN	0.00	 39.26	 29.54
0.00	 1.00	 5.73	 5.73	NaN	 NaN	-18.72	 1.00	 45.07	 35.28	 9543.82	-4.55	 1.00	 45.05	 35.27	 9546.28	0.00	 39.26	 29.54
0.00	 1.00	 5.73	 5.73	-10.00	 9547.06	-10.38	 1.00	 45.00	 35.33	 9548.73	NaN	 NaN	 NaN	 NaN	 NaN	0.00	 39.28	 29.53
0.00	 1.00	 5.73	 5.73	NaN	 NaN	-16.21	 1.00	 44.92	 35.28	 9551.18	-2.04	 1.00	 45.08	 35.27	 9553.64	0.00	 39.26	 29.52
0.00	 1.00	 5.73	 5.73	-10.00	 9553.99	-7.87	 1.00	 44.95	 35.33	 9556.09	NaN	 NaN	 NaN	 NaN	 NaN	0.00	 39.26	 29.54
0.00	 1.00	 5.73	 5.73	NaN	 NaN	-13.70	 1.00	 44.96	 35.30	 9558.55	NaN	 NaN	 NaN	 NaN	 NaN	0.00	 39.26	 29.53
0.00	 1.00	 5.73	 5.73	-10.00	 9560.92	-19.53	 1.00	 45.01	 35.35	 9561.00	-5.36	 1.00	 45.02	 35.33	 9563.46	0.00	 39.26	 29.54
0.00	 1.00	 5.73	 5.73	NaN	 NaN	-11.19	 1.00	 44.91	 35.36	 9565.91	NaN	 NaN	 NaN	 NaN	 NaN	0.00	 39.26	 29.53
0.00	 1.00	 5.73	 5.73	-10.00	 9567.85	-17.02	 1.00	 44.92	 35.23	 9568.37	-2.85	 1.00	 45.08	 35.17	 9570.82	0.00	 39.26	 29.53
0.00	 1.00	 5.73	 5.73	NaN	 NaN	-8.68	 1.00	 45.06	 35.33	 9573.27	NaN	 NaN	 NaN	 NaN	 NaN	0.00	 39.27	 29.53
0.00	 1.00	 5.73	 5.73	-10.00	 9574.78	-14.51	 1.00	 44.99	 35.22	 9575.73	-0.34	 1.00	 45.05	 35.26	 9578.18	0.00	 39.27	 29.53
0.00	 1.00	 5.73	 5.73	NaN	 NaN	-6.17	 1.00	 44.93	 35.35	 9580.64	NaN	 NaN	 NaN	 NaN	 NaN	0.00	 39.28	 29.53
0.00	 1.00	 5.73	 5.73	-10.00	 9581.71	-12.00	 1.00	 45.07	 35.26	 9583.09	NaN	 NaN	 NaN	 NaN	 NaN	0.00	 39.27	 29.53
0.00	 1.00	 5.73	 5.73	NaN	 NaN	-17.83	 1.00	 45.06	 35.25	 9585.55	-3.66	 1.00	 45.03	 35.24	 9588.00	0.00	 39.27	 29.54
0.00	 1.00	 5.73	 5.73	-10.00	 9588.63	-9.49	 1.00	 45.00	 35.20	 9590.45	NaN	 NaN	 NaN	 NaN	 NaN	0.00	 39.27	 29.53
0.00	 1.00	 5.73	 5.73	NaN	 NaN	-15.32	 1.00	 45.08	 35.23	 9592.91	-1.15	 1.00	 44.93	 35.20	 9595.36	0.00	 39.27	 29.53
0.00	 1.00	 5.73	 5.73	-10.00	 9595.56	-6.98	 1.00	 44.91	 35.31	 9597.82	NaN	 NaN	 NaN	 NaN	 NaN	0.00	 39.28	 29.53
0.00	 1.00	 5.73	 5.73	NaN	 NaN	-12.81	 1.00	 45.01	 35.32	 9600.27	NaN	 NaN	 NaN	 NaN	 NaN	0.00	 39.28	 29.54
0.00	 1.00	 5.73	 5.73	-10.00	 9602.49	-18.64	 1.00	 45.00	 35.32	 9602.73	-4.47	 1.00	 45.04	 35.32	 9605.18	0.00	 39.27	 29.53
0.00	 1.00	 5.73	 5.73	NaN	 NaN	-10.30	 1.00	 44.98	 35.29	 9607.63	NaN	 NaN	 NaN	 NaN	 NaN	0.00	 39.26	 29.53
0.00	 1.00	 5.73	 5.73	-10.00	 9609.42	-16.12	 1.00	 44.94	 35.23	 9610.09	-1.95	 1.00	 44.94	 35.25	 9612.54	0.00	 39.28	 29.53
0.00	 1.00	 5.73	 5.73	NaN	 NaN	-7.78	 1.00	 44.95	 35.25	 9615.00	NaN	 NaN	 NaN	 NaN	 NaN	0.00	 39.27	 29.54
0.00	 1.00	 5.73	 5.73	-10.00	 9616.35	-13.61	 1.00	 45.09	 35.23	 9617.45	NaN	 NaN	 NaN	 NaN	 NaN	0.00	 39.27	 29.53
0.00	 1.00	 5.73	 5.73	NaN	 NaN	-19.44	 1.00	 45.09	 35.29	 9619.91	-5.27	 1.00	 44.98	 35.33	 9622.36	0.00	 39.27	 29.53
0.00	 1.00	 5.73	 5.73	-10.00	 9623.27	-11.10	 1.00	 45.02	 35.22	 9624.82	NaN	 NaN	 NaN	 NaN	 NaN	0.00	 39.27	 29.54
0.00	 1.00	 5.73	 5.73	NaN	 NaN	-16.93	 1.00	 45.05	 35.25	 9627.27	-2.76	 1.00	 44.97	 35.23	 9629.72	0.00	 39.28	 29.54
0.00	 1.00	 5.73	 5.73	-10.00	 9630.20	-8.59	 1.00	 45.04	 35.22	 9632.18	NaN	 NaN	 NaN	 NaN	 NaN	0.00	 39.26	 29.54
0.00	 1.00	 5.73	 5.73	NaN	 NaN	-14.42	 1.00	 45.06	 35.23	 9634.63	-0.25	 1.00	 45.01	 35.26	 9637.09	0.00	 39.28	 29.53
0.00	 1.00	 5.73	 5.73	-10.00	 9637.13	-6.08	 1.00	 45.06	 35.34	 9639.54	NaN	 NaN	 NaN	 NaN	 NaN	0.00	 39.27	 29.54
0.00	 1.00	 5.73	 5.73	NaN	 NaN	-11.91	 1.00	 44.94	 35.28	 9642.00	NaN	 NaN	 NaN	 NaN	 NaN	0.00	 39.26	 29.54
0.00	 1.00	 5.73	 5.73	-10.00	 9644.06	-17.74	 1.00	 45.07	 35.25	 9644.45	-3.57	 1.00	 45.08	 35.22	 9646.90	0.00	 39.27	 29.54
0.00	 1.00	 5.73	 5.73	NaN	 NaN	-9.40	 1.00	 45.02	 35.30	 9649.36	NaN	 NaN	 NaN	 NaN	 NaN	0.00	 39.27	 29.54
0.00	 1.00	 5.73	 5.73	-10.00	 9650.99	-15.23	 1.00	 44.95	 35.17	 9651.81	-1.06	 1.00	 44.99	 35.35	 9654.27	0.00	 39.26	 29.53
0.00	 1.00	 5.73	 5.73	NaN	 NaN	-6.89	 1.00	 44.97	 35.32	 9656.72	NaN	 NaN	 NaN	 NaN	 NaN	0.00	 39.28	 29.53
0.00	 1.00	 5.73	 5.73	-10.00	 9657.92	-12.72	 1.00	 44.94	 35.23	 9659.18	NaN	 NaN	 NaN	 NaN	 NaN	0.00	 39.26	 29.54
0.00	 1.00	 5.73	 5.73	NaN	 NaN	-18.55	 1.00	 44.94	 35.31	 9661.63	-4.38	 1.00	 45.04	 35.30	 9664.08	0.00	 39.28	 29.53
0.00	 1.00	 5.73	 5.73	-10.00	 9664.84	-10.21	 1.00	 44.96	 35.30	 9666.54	NaN	 NaN	 NaN	 NaN	 NaN	0.00	 39.27	 29.54
0.00	 1.00	 5.73	 5.73	NaN	 NaN	-16.04	 1.00	 44.95	 35.25	 9668.99	-1.87	 1.00	 44.98	 35.24	 9671.45	0.00	 39.28	 29.54
0.00	 1.00	 5.73	 5.73	-10.00	 9671.77	-7.70	 1.00	 44.92	 35.29	 9673.90	NaN	 NaN	 NaN	 NaN	 NaN	0.00	 39.27	 29.54
0.00	 1.00	 5.73	 5.73	NaN	 NaN	-13.53	 1.00	 45.04	 35.29	 9676.36	NaN	 NaN	 NaN	 NaN	 NaN	0.00	 39.28	 29.52
0.00	 1.00	 5.73	 5.73	-10.00	 9678.70	-19.36	 1.00	 45.03	 35.20	 9678.81	-5.19	 1.00	 44.94	 35.27	 9681.27	0.00	 39.27	 29.54
0.00	 1.00	 5.73	 5.73	NaN	 NaN	-11.02	 1.00	 45.07	 35.20	 9683.72	NaN	 NaN	 NaN	 NaN	 NaN	0.00	 39.28	 29.53
0.00	 1.00	 5.73	 5.73	-10.00	 9685.63	-16.85	 1.00	 44.99	 35.25	 9686.17	-2.68	 1.00	 45.00	 35.20	 9688.63	0.00	 39.27	 29.53
0.00	 1.00	 5.73	 5.73	NaN	 NaN	-8.51	 1.00	 44.97	 35.22	 9691.08	NaN	 NaN	 NaN	 NaN	 NaN	0.00	 39.27	 29.53
0.00	 1.00	 5.73	 5.73	-10.00	 9692.56	-14.34	 1.00	 45.06	 35.32	 9693.54	-0.17	 1.00	 44.99	 35.28	 9695.99	0.00	 39.27	 29.53
0.00	 1.00	 5.73	 5.73	NaN	 NaN	-6.00	 1.00	 44.94	 35.27	 9698.45	NaN	 NaN	 NaN	 NaN	 NaN	0.00	 39.27	 29.54
0.00	 1.00	 5.73	 5.73	-10.00	 9699.48	-11.83	 1.00	 44.96	 35.33	 9700.90	NaN	 NaN	 NaN	 NaN	 NaN	0.00	 39.27	 29.52
0.00	 1.00	 5.73	 5.73	NaN	 NaN	-17.66	 1.00	 45.03	 35.29	 9703.35	-3.49	 1.00	 44.93	 35.26	 9705.81	0.00	 39.26	 29.53
0.00	 1.00	 5.73	 5.73	-10.00	 9706.41	-9.32	 1.00	 45.09	 35.35	 9708.26	NaN	 NaN	 NaN	 NaN	 NaN	0.00	 39.26	 29.54
0.00	 1.00	 5.73	 5.73	NaN	 NaN	-15.15	 1.00	 45.03	 35.20	 9710.72	-0.98	 1.00	 45.03	 35.28	 9713.17	0.00	 39.27	 29.53
0.00	 1.00	 5.73	 5.73	-10.00	 9713.34	-6.81	 1.00	 44.99	 35.25	 9715.63	NaN	 NaN	 NaN	 NaN	 NaN	0.00	 39.27	 29.54
0.00	 1.00	 5.73	 5.73	NaN	 NaN	-12.64	 1.00	 45.02	 35.33	 9718.08	NaN	 NaN	 NaN	 NaN	 NaN	0.00	 39.26	 29.52
0.00	 1.00	 5.73	 5.73	-10.00	 9720.27	-18.46	 1.00	 45.05	 35.28	 9720.54	-4.29	 1.00	 45.08	 35.18	 9722.99	0.00	 39.28	 29.53
0.00	 1.00	 5.73	 5.73	NaN	 NaN	-10.12	 1.00	 45.09	 35.18	 9725.44	NaN	 NaN	 NaN	 NaN	 NaN	0.00	 39.27	 29.53
0.00	 1.00	 5.73	 5.73	-10.00	 9727.20	-15.95	 1.00	 44.95	 35.25	 9727.90	-1.78	 1.00	 44.93	 35.29	 9730.35	0.00	 39.26	 29.53
0.00	 1.00	 5.73	 5.73	NaN	 NaN	-7.61	 1.00	 44.92	 35.22	 9732.81	NaN	 NaN	 NaN	 NaN	 NaN	0.00	 39.27	 29.53
0.00	 1.00	 5.73	 5.73	-10.00	 9734.13	-13.44	 1.00	 44.92	 35.30	 9735.26	NaN	 NaN	 NaN	 NaN	 NaN	0.00	 39.26	 29.53
0.00	 1.00	 5.73	 5.73	NaN	 NaN	-19.27	 1.00	 45.03	 35.24	 9737.72	-5.10	 1.00	 44.94	 35.31	 9740.17	0.00	 39.27	 29.54
0.00	 1.00	 5.73	 5.73	-10.00	 9741.05	-10.93	 1.00	 44.97	 35.32	 9742.62	NaN	 NaN	 NaN	 NaN	 NaN	0.00	 39.26	 29.54
0.00	 1.00	 5.73	 5.73	NaN	 NaN	-16.76	 1.00	 45.00	 35.27	 9745.08	-2.59	 1.00	 44.92	 35.29	 9747.53	0.00	 39.27	 29.54
0.00	 1.00	 5.73	 5.73	-10.00	 9747.98	-8.42	 1.00	 44.97	 35.21	 9749.99	NaN	 NaN	 NaN	 NaN	 NaN	0.00	 39.26	 29.54
0.00	 1.00	 5.73	 5.73	NaN	 NaN	-14.25	 1.00	 44.99	 35.24	 9752.44	-0.08	 1.00	 44.99	 35.36	 9754.90	0.00	 39.26	 29.52
0.00	 1.00	 5.73	 5.73	-10.00	 9754.91	-5.91	 1.00	 44.98	 35.32	 9757.35	NaN	 NaN	 NaN	 NaN	 NaN	0.00	 39.27	 29.53
0.00	 1.00	 5.73	 5.73	NaN	 NaN	-11.74	 1.00	 45.01	 35.34	 9759.80	NaN	 NaN	 NaN	 NaN	 NaN	0.00	 39.27	 29.54
0.00	 1.00	 5.73	 5.73	-10.00	 9761.84	-17.57	 1.00	 44.97	 35.22	 9762.26	-3.40	 1.00	 45.07	 35.18	 9764.71	0.00	 39.28	 29.53
0.00	 1.00	 5.73	 5.73	NaN	 NaN	-9.23	 1.00	 45.08	 35.28	 9767.17	NaN	 NaN	 NaN	 NaN	 NaN	0.00	 39.28	 29.54
0.00	 1.00	 5.73	 5.73	-10.00	 9768.77	-15.06	 1.00	 44.98	 35.36	 9769.62	-0.89	 1.00	 44.92	 35.27	 9772.08	0.00	 39.27	 29.54
0.00	 1.00	 5.73	 5.73	NaN	 NaN	-6.72	 1.00	 44.92	 35.28	 9774.53	NaN	 NaN	 NaN	 NaN	 NaN	0.00	 39.27	 29.53
0.00	 1.00	 5.73	 5.73	-10.00	 9775.69	-12.55	 1.00	 44.94	 35.29	 9776.99	NaN	 NaN	 NaN	 NaN	 NaN	0.00	 39.27	 29.53
0.00	 1.00	 5.73	 5.73	NaN	 NaN	-18.38	 1.00	 45.09	 35.34	 9779.44	-4.21	 1.00	 44.99	 35.30	 9781.89	0.00	 39.27	 29.52
0.00	 1.00	 5.73	 5.73	-10.00	 9782.62	-10.04	 1.00	 45.05	 35.26	 9784.35	NaN	 NaN	 NaN	 NaN	 NaN	0.00	 39.27	 29.53
0.00	 1.00	 5.73	 5.73	NaN	 NaN	-15.87	 1.00	 45.01	 35.20	 9786.80	-1.70	 1.00	 44.98	 35.20	 9789.26	0.00	 39.27	 29.52
0.00	 1.00	 5.73	 5.73	-10.00	 9789.55	-7.53	 1.00	 45.04	 35.26	 9791.71	NaN	 NaN	 NaN	 NaN	 NaN	0.00	 39.27	 29.53
0.00	 1.00	 5.73	 5.73	NaN	 NaN	-13.36	 1.00	 44.99	 35.34	 9794.17	NaN	 NaN	 NaN	 NaN	 NaN	0.00	 39.27	 29.54
0.00	 1.00	 5.73	 5.73	-10.00	 9796.48	-19.19	 1.00	 45.00	 35.25	 9796.62	-5.02	 1.00	 44.96	 35.18	 9799.07	0.00	 39.27	 29.54
0.00	 1.00	 5.73	 5.73	NaN	 NaN	-10.85	 1.00	 44.99	 35.17	 9801.53	NaN	 NaN	 NaN	 NaN	 NaN	0.00	 39.26	 29.55
0.00	 1.00	 5.73	 5.73	-10.00	 9803.41	-16.68	 1.00	 44.96	 35.27	 9803.98	-2.51	 1.00	 45.08	 35.19	 9806.44	0.00	 39.26	 29.54
0.00	 1.00	 5.73	 5.73	NaN	 NaN	-8.34	 1.00	 45.03	 35.26	 9808.89	NaN	 NaN	 NaN	 NaN	 NaN	0.00	 39.26	 29.53
0.00	 1.00	 5.73	 5.73	-10.00	 9810.34	-14.17	 1.00	 45.05	 35.20	 9811.35	NaN	 NaN	 NaN	 NaN	 NaN	0.00	 39.28	 29.54
0.00	 1.00	 5.73	 5.73	NaN	 NaN	-20.00	 1.00	 44.93	 35.25	 9813.80	-5.83	 1.00	 45.05	 35.21	 9816.25	0.00	 39.28	 29.53
0.00	 1.00	 5.73	 5.73	-10.00	 9817.26	-11.66	 1.00	 45.05	 35.22	 9818.71	NaN	 NaN	 NaN	 NaN	 NaN	0.00	 39.28	 29.54
0.00	 1.00	 5.73	 5.73	NaN	 NaN	-17.49	 1.00	 44.95	 35.17	 9821.16	-3.32	 1.00	 44.98	 35.24	 9823.62	0.00	 39.27	 29.54
0.00	 1.00	 5.73	 5.73	-10.00	 9824.19	-9.15	 1.00	 45.03	 35.18	 9826.07	NaN	 NaN	 NaN	 NaN	 NaN	0.00	 39.26	 29.53
0.00	 1.00	 5.73	 5.73	NaN	 NaN	-14.98	 1.00	 44.94	 35.17	 9828.53	-0.81	 1.00	 44.93	 35.29	 9830.98	0.00	 39.27	 29.54
0.00	 1.00	 5.73	 5.73	-10.00	 9831.12	-6.63	 1.00	 44.98	 35.23	 9833.44	NaN	 NaN	 NaN	 NaN	 NaN	0.00	 39.26	 29.54
0.00	 1.00	 5.73	 5.73	NaN	 NaN	-12.46	 1.00	 45.01	 35.36	 9835.89	NaN	 NaN	 NaN	 NaN	 NaN	0.00	 39.27	 29.54
0.00	 1.00	 5.73	 5.73	-10.00	 9838.05	-18.29	 1.00	 45.06	 35.30	 9838.34	-4.12	 1.00	 45.08	 35.18	 9840.80	0.00	 39.26	 29.53
0.00	 1.00	 5.73	 5.73	NaN	 NaN	-9.95	 1.00	 44.92	 35.26	 9843.25	NaN	 NaN	 NaN	 NaN	 NaN	0.00	 39.27	 29.52
0.00	 1.00	 5.73	 5.73	-10.00	 9844.98	-15.78	 1.00	 44.97	 35.35	 9845.71	-1.61	 1.00	 45.00	 35.27	 9848.16	0.00	 39.27	 29.54
0.00	 1.00	 5.73	 5.73	NaN	 NaN	-7.44	 1.00	 45.07	 35.25	 9850.62	NaN	 NaN	 NaN	 NaN	 NaN	0.00	 39.27	 29.54
0.00	 1.00	 5.73	 5.73	-10.00	 9851.90	-13.27	 1.00	 45.07	 35.22	 9853.07	NaN	 NaN	 NaN	 NaN	 NaN	0.00	 39.27	 29.53
0.00	 1.00	 5.73	 5.73	NaN	 NaN	-19.10	 1.00	 44.96	 35.23	 9855.52	-4.93	 1.00	 45.01	 35.21	 9857.98	0.00	 39.27	 29.54
0.00	 1.00	 5.73	 5.73	-10.00	 9858.83	-10.76	 1.00	 45.03	 35.20	 9860.43	NaN	 NaN	 NaN	 NaN	 NaN	0.00	 39.28	 29.53
0.00	 1.00	 5.73	 5.73	NaN	 NaN	-16.59	 1.00	 44.93	 35.34	 9862.89	-2.42	 1.00	 44.95	 35.24	 9865.34	0.00	 39.27	 29.54
0.00	 1.00	 5.73	 5.73	-10.00	 9865.76	-8.25	 1.00	 45.01	 35.27	 9867.80	NaN	 NaN	 NaN	 NaN	 NaN	0.00	 39.27	 29.52
0.00	 1.00	 5.73	 5.73	NaN	 NaN	-14.08	 1.00	 44.92	 35.34	 9870.25	NaN	 NaN	 NaN	 NaN	 NaN	0.00	 39.26	 29.53
0.00	 1.00	 5.73	 5.73	-10.00	 9872.69	-19.91	 1.00	 45.08	 35.32	 9872.70	-5.74	 1.00	 44.96	 35.27	 9875.16	0.00	 39.27	 29.54
0.00	 1.00	 5.73	 5.73	NaN	 NaN	-11.57	 1.00	 44.97	 35.27	 9877.61	NaN	 NaN	 NaN	 NaN	 NaN	0.00	 39.28	 29.54
0.00	 1.00	 5.73	 5.73	-10.00	 9879.62	-17.40	 1.00	 45.09	 35.23	 9880.07	-3.23	 1.00	 45.03	 35.23	 9882.52	0.00	 39.27	 29.54
0.00	 1.00	 5.73	 5.73	NaN	 NaN	-9.06	 1.00	 45.05	 35.23	 9884.98	NaN	 NaN	 NaN	 NaN	 NaN	0.00	 39.27	 29.53
0.00	 1.00	 5.73	 5.73	-10.00	 9886.55	-14.89	 1.00	 45.07	 35.31	 9887.43	-0.72	 1.00	 45.05	 35.26	 9889.89	0.00	 39.27	 29.53
0.00	 1.00	 5.73	 5.73	NaN	 NaN	-6.55	 1.00	 44.95	 35.18	 9892.34	NaN	 NaN	 NaN	 NaN	 NaN	0.00	 39.26	 29.53
0.00	 1.00	 5.73	 5.73	-10.00	 9893.47	-12.38	 1.00	 44.97	 35.18	 9894.79	NaN	 NaN	 NaN	 NaN	 NaN	0.00	 39.26	 29.55
0.00	 1.00	 5.73	 5.73	NaN	 NaN	-18.21	 1.00	 45.03	 35.30	 9897.25	-4.04	 1.00	 44.99	 35.32	 9899.70	0.00	 39.27	 29.54
0.00	 1.00	 5.73	 5.73	-10.00	 9900.40	-9.87	 1.00	 45.01	 35.18	 9902.16	NaN	 NaN	 NaN	 NaN	 NaN	0.00	 39.28	 29.53
0.00	 1.00	 5.73	 5.73	NaN	 NaN	-15.70	 1.00	 44.93	 35.21	 9904.61	-1.53	 1.00	 44.97	 35.18	 9907.07	0.00	 39.28	 29.54
0.00	 1.00	 5.73	 5.73	-10.00	 9907.33	-7.36	 1.00	 45.02	 35.27	 9909.52	NaN	 NaN	 NaN	 NaN	 NaN	0.00	 39.27	 29.54
0.00	 1.00	 5.73	 5.73	NaN	 NaN	-13.19	 1.00	 45.02	 35.25	 9911.97	NaN	 NaN	 NaN	 NaN	 NaN	0.00	 39.28	 29.53
0.00	 1.00	 5.73	 5.73	-10.00	 9914.26	-19.02	 1.00	 45.06	 35.26	 9914.43	-4.85	 1.00	 44.91	 35.34	 9916.88	0.00	 39.26	 29.53
0.00	 1.00	 5.73	 5.73	NaN	 NaN	-10.68	 1.00	 45.03	 35.33	 9919.34	NaN	 NaN	 NaN	 NaN	 NaN	0.00	 39.28	 29.54
0.00	 1.00	 5.73	 5.73	-10.00	 9921.19	-16.51	 1.00	 45.08	 35.18	 9921.79	-2.34	 1.00	 44.95	 35.18	 9924.25	0.00	 39.27	 29.53
0.00	 1.00	 5.73	 5.73	NaN	 NaN	-8.17	 1.00	 44.99	 35.33	 9926.70	NaN	 NaN	 NaN	 NaN	 NaN	0.00	 39.28	 29.54
0.00	 1.00	 5.73	 5.73	-10.00	 9928.12	-14.00	 1.00	 44.92	 35.26	 9929.16	NaN	 NaN	 NaN	 NaN	 NaN	0.00	 39.28	 29.54
0.00	 1.00	 5.73	 5.73	NaN	 NaN	-19.83	 1.00	 44.93	 35.32	 9931.61	-5.66	 1.00	 45.06	 35.18	 9934.06	0.00	 39.28	 29.54
0.00	 1.00	 5.73	 5.73	-10.00	 9935.04	-11.49	 1.00	 45.00	 35.21	 9936.52	NaN	 NaN	 NaN	 NaN	 NaN	0.00	 39.28	 29.54
0.00	 1.00	 5.73	 5.73	NaN	 NaN	-17.32	 1.00	 45.08	 35.35	 9938.97	-3.15	 1.00	 45.02	 35.35	 9941.43	0.00	 39.28	 29.54
0.00	 1.00	 5.73	 5.73	-10.00	 9941.97	-8.97	 1.00	 44.97	 35.34	 9943.88	NaN	 NaN	 NaN	 NaN	 NaN	0.00	 39.28	 29.54
0.00	 1.00	 5.73	 5.73	NaN	 NaN	-14.80	 1.00	 44.99	 35.21	 9946.34	-0.63	 1.00	 45.08	 35.30	 9948.79	0.00	 39.27	 29.53
0.00	 1.00	 5.73	 5.73	-10.00	 9948.90	-6.46	 1.00	 44.92	 35.34	 9951.24	NaN	 NaN	 NaN	 NaN	 NaN	0.00	 39.28	 29.54
0.00	 1.00	 5.73	 5.73	NaN	 NaN	-12.29	 1.00	 45.04	 35.28	 9953.70	NaN	 NaN	 NaN	 NaN	 NaN	0.00	 39.27	 29.54
0.00	 1.00	 5.73	 5.73	-10.00	 9955.83	-18.12	 1.00	 45.04	 35.22	 9956.15	-3.95	 1.00	 45.02	 35.32	 9958.61	0.00	 39.26	 29.54
0.00	 1.00	 5.73	 5.73	NaN	 NaN	-9.78	 1.00	 44.92	 35.19	 9961.06	NaN	 NaN	 NaN	 NaN	 NaN	0.00	 39.26	 29.54
0.00	 1.00	 5.73	 5.73	-10.00	 9962.76	-15.61	 1.00	 45.06	 35.29	 9963.52	-1.44	 1.00	 45.01	 35.22	 9965.97	0.00	 39.27	 29.54
0.00	 1.00	 5.73	 5.73	NaN	 NaN	-7.27	 1.00	 44.96	 35.34	 9968.42	NaN	 NaN	 NaN	 NaN	 NaN	0.00	 39.27	 29.53
0.00	 1.00	 5.73	 5.73	-10.00	 9969.68	-13.10	 1.00	 44.99	 35.18	 9970.88	NaN	 NaN	 NaN	 NaN	 NaN	0.00	 39.27	 29.54
0.00	 1.00	 5.73	 5.73	NaN	 NaN	-18.93	 1.00	 45.07	 35.21	 9973.33	-4.76	 1.00	 45.06	 35.34	 9975.79	0.00	 39.27	 29.54
0.00	 1.00	 5.73	 5.73	-10.00	 9976.61	-10.59	 1.00	 45.00	 35.28	 9978.24	NaN	 NaN	 NaN	 NaN	 NaN	0.00	 39.27	 29.55
0.00	 1.00	 5.73	 5.73	NaN	 NaN	-16.42	 1.00	 45.00	 35.29	 9980.70	-2.25	 1.00	 45.06	 35.22	 9983.15	0.00	 39.28	 29.53
0.00	 1.00	 5.73	 5.73	-10.00	 9983.54	-8.08	 1.00	 45.07	 35.28	 9985.61	NaN	 NaN	 NaN	 NaN	 NaN	0.00	 39.27	 29.54
0.00	 1.00	 5.73	 5.73	NaN	 NaN	-13.91	 1.00	 44.93	 35.21	 9988.06	NaN	 NaN	 NaN	 NaN	 NaN	0.00	 39.28	 29.53
0.00	 1.00	 5.73	 5.73	-10.00	 9990.47	-19.74	 1.00	 45.02	 35.21	 9990.51	-5.57	 1.00	 44.93	 35.20	 9992.97	0.00	 39.26	 29.53
0.00	 1.00	 5.73	 5.73	NaN	 NaN	-11.40	 1.00	 45.06	 35.28	 9995.42	NaN	 NaN	 NaN	 NaN	 NaN	0.00	 39.27	 29.54
0.00	 1.00	 5.73	 5.73	-10.00	 9997.40	-17.23	 1.00	 45.08	 35.23	 9997.88	-3.06	 1.00	 45.02	 35.28	 10000.33	0.00	 39.27	 29.54
0.00	 1.00	 5.73	 5.73	NaN	 NaN	-8.89	 1.00	 45.02	 35.18	 10002.79	NaN	 NaN	 NaN	 NaN	 NaN	0.00	 39.27	 29.53
0.00	 1.00	 5.73	 5.73	-10.00	 10004.33	-14.72	 1.00	 45.05	 35.35	 10005.24	-0.55	 1.00	 45.01	 35.21	 10007.69	0.00	 39.26	 29.54
0.00	 1.00	 5.73	 5.73	NaN	 NaN	-6.38	 1.00	 45.05	 35.17	 10010.15	NaN	 NaN	 NaN	 NaN	 NaN	0.00	 39.27	 29.53
0.00	 1.00	 5.73	 5.73	-10.00	 10011.25	-12.21	 1.00	 44.97	 35.34	 10012.60	NaN	 NaN	 NaN	 NaN	 NaN	0.00	 39.27	 29.54
0.00	 1.00	 5.73	 5.73	NaN	 NaN	-18.04	 1.00	 45.02	 35.33	 10015.06	-3.87	 1.00	 45.02	 35.33	 10017.51	0.00	 39.26	 29.54
0.00	 1.00	 5.73	 5.73	-10.00	 10018.18	-9.70	 1.00	 45.07	 35.23	 10019.97	NaN	 NaN	 NaN	 NaN	 NaN	0.00	 39.26	 29.55
0.00	 1.00	 5.73	 5.73	NaN	 NaN	-15.53	 1.00	 44.93	 35.31	 10022.42	-1.36	 1.00	 44.99	 35.19	 10024.87	0.00	 39.27	 29.53
0.00	 1.00	 5.73	 5.73	-10.00	 10025.11	-7.19	 1.00	 45.02	 35.18	 10027.33	NaN	 NaN	 NaN	 NaN	 NaN	0.00	 39.26	 29.54
0.00	 1.00	 5.73	 5.73	NaN	 NaN	-13.02	 1.00	 44.95	 35.32	 10029.78	NaN	 NaN	 NaN	 NaN	 NaN	0.00	 39.28	 29.53
0.00	 1.00	 5.73	 5.73	-10.00	 10032.04	-18.85	 1.00	 44.91	 35.23	 10032.24	-4.68	 1.00	 44.91	 35.36	 10034.69	0.00	 39.28	 29.53
0.00	 1.00	 5.73	 5.73	NaN	 NaN	-10.51	 1.00	 45.01	 35.22	 10037.15	NaN	 NaN	 NaN	 NaN	 NaN	0.00	 39.28	 29.54
0.00	 1.00	 5.73	 5.73	-10.00	 10038.97	-16.34	 1.00	 45.08	 35.27	 10039.60	-2.17	 1.00	 44.99	 35.28	 10042.06	0.00	 39.27	 29.54
0.00	 1.00	 5.73	 5.73	NaN	 NaN	-8.00	 1.00	 44.96	 35.23	 10044.51	NaN	 NaN	 NaN	 NaN	 NaN	0.00	 39.27	 29.54
0.00	 1.00	 5.73	 5.73	-10.00	 10045.89	-13.83	 1.00	 44.98	 35.22	 10046.96	NaN	 NaN	 NaN	 NaN	 NaN	0.00	 39.27	 29.54
0.00	 1.00	 5.73	 5.73	NaN	 NaN	-19.66	 1.00	 45.02	 35.30	 10049.42	-5.49	 1.00	 44.92	 35.35	 10051.87	0.00	 39.27	 29.54
0.00	 1.00	 5.73	 5.73	-10.00	 10052.82	-11.32	 1.00	 45.05	 35.32	 10054.33	NaN	 NaN	 NaN	 NaN	 NaN	0.00	 39.27	 29.53
0.00	 1.00	 5.73	 5.73	NaN	 NaN	-17.14	 1.00	 45.05	 35.18	 10056.78	-2.97	 1.00	 45.00	 35.25	 10059.24	0.00	 39.27	 29.53
0.00	 1.00	 5.73	 5.73	-10.00	 10059.75	-8.80	 1.00	 45.03	 35.25	 10061.69	NaN	 NaN	 NaN	 NaN	 NaN	0.00	 39.28	 29.53
0.00	 1.00	 5.73	 5.73	NaN	 NaN	-14.63	 1.00	 45.04	 35.30	 10064.14	-0.46	 1.00	 45.04	 35.29	 10066.60	0.00	 39.27	 29.52
0.00	 1.00	 5.73	 5.73	-10.00	 10066.68	-6.29	 1.00	 44.94	 35.31	 10069.05	NaN	 NaN	 NaN	 NaN	 NaN	0.00	 39.27	 29.54
0.00	 1.00	 5.73	 5.73	NaN	 NaN	-12.12	 1.00	 45.05	 35.34	 10071.51	NaN	 NaN	 NaN	 NaN	 NaN	0.00	 39.27	 29.54
0.00	 1.00	 5.73	 5.73	-10.00	 10073.61	-17.95	 1.00	 44.95	 35.20	 10073.96	-3.78	 1.00	 44.98	 35.23	 10076.42	0.00	 39.27	 29.53
0.00	 1.00	 5.73	 5.73	NaN	 NaN	-9.61	 1.00	 45.06	 35.29	 10078.87	NaN	 NaN	 NaN	 NaN	 NaN	0.00	 39.28	 29.54
0.00	 1.00	 5.73	 5.73	-10.00	 10080.54	-15.44	 1.00	 45.05	 35.25	 10081.33	-1.27	 1.00	 44.93	 35.19	 10083.78	0.00	 39.27	 29.53
0.00	 1.00	 5.73	 5.73	NaN	 NaN	-7.10	 1.00	 44.98	 35.21	 10086.23	NaN	 NaN	 NaN	 NaN	 NaN	0.00	 39.27	 29.54
0.00	 1.00	 5.73	 5.73	-10.00	 10087.46	-12.93	 1.00	 45.06	 35.28	 10088.69	NaN	 NaN	 NaN	 NaN	 NaN	0.00	 39.26	 29.52
0.00	 1.00	 5.73	 5.73	NaN	 NaN	-18.76	 1.00	 45.03	 35.26	 10091.14	-4.59	 1.00	 44.93	 35.21	 10093.60	0.00	 39.26	 29.53
0.00	 1.00	 5.73	 5.73	-10.00	 10094.39	-10.42	 1.00	 44.99	 35.21	 10096.05	NaN	 NaN	 NaN	 NaN	 NaN	0.00	 39.26	 29.54
0.00	 1.00	 5.73	 5.73	NaN	 NaN	-16.25	 1.00	 44.91	 35.31	 10098.51	-2.08	 1.00	 45.04	 35.23	 10100.96	0.00	 39.26	 29.53
0.00	 1.00	 5.73	 5.73	-10.00	 10101.32	-7.91	 1.00	 45.06	 35.25	 10103.41	NaN	 NaN	 NaN	 NaN	 NaN	0.00	 39.27	 29.53
0.00	 1.00	 5.73	 5.73	NaN	 NaN	-13.74	 1.00	 45.07	 35.29	 10105.87	NaN	 NaN	 NaN	 NaN	 NaN	0.00	 39.27	 29.52
0.00	 1.00	 5.73	 5.73	-10.00	 10108.25	-19.57	 1.00	 45.01	 35.21	 10108.32	-5.40	 1.00	 45.01	 35.34	 10110.78	0.00	 39.28	 29.54
0.00	 1.00	 5.73	 5.73	NaN	 NaN	-11.23	 1.00	 44.96	 35.34	 10113.23	NaN	 NaN	 NaN	 NaN	 NaN	0.00	 39.27	 29.52
0.00	 1.00	 5.73	 5.73	-10.00	 10115.18	-17.06	 1.00	 45.07	 35.23	 10115.69	-2.89	 1.00	 45.03	 35.34	 10118.14	0.00	 39.27	 29.53
0.00	 1.00	 5.73	 5.73	NaN	 NaN	-8.72	 1.00	 44.92	 35.34	 10120.59	NaN	 NaN	 NaN	 NaN	 NaN	0.00	 39.28	 29.53
0.00	 1.00	 5.73	 5.73	-10.00	 10122.10	-14.55	 1.00	 44.94	 35.33	 10123.05	-0.38	 1.00	 45.03	 35.23	 10125.50	0.00	 39.27	 29.54
0.00	 1.00	 5.73	 5.73	NaN	 NaN	-6.21	 1.00	 44.94	 35.29	 10127.96	NaN	 NaN	 NaN	 NaN	 NaN	0.00	 39.26	 29.53
0.00	 1.00	 5.73	 5.73	-10.00	 10129.03	-12.04	 1.00	 45.06	 35.33	 10130.41	NaN	 NaN	 NaN	 NaN	 NaN	0.00	 39.28	 29.53
0.00	 1.00	 5.73	 5.73	NaN	 NaN	-17.87	 1.00	 45.02	 35.35	 10132.87	-3.70	 1.00	 45.02	 35.21	 10135.32	0.00	 39.27	 29.52
0.00	 1.00	 5.73	 5.73	-10.00	 10135.96	-9.53	 1.00	 44.99	 35.23	 10137.78	NaN	 NaN	 NaN	 NaN	 NaN	0.00	 39.26	 29.52
0.00	 1.00	 5.73	 5.73	NaN	 NaN	-15.36	 1.00	 45.09	 35.24	 10140.23	-1.19	 1.00	 45.09	 35.27	 10142.68	0.00	 39.27	 29.54
0.00	 1.00	 5.73	 5.73	-10.00	 10142.89	-7.02	 1.00	 44.94	 35.18	 10145.14	NaN	 NaN	 NaN	 NaN	 NaN	0.00	 39.27	 29.53
0.00	 1.00	 5.73	 5.73	NaN	 NaN	-12.85	 1.00	 44.98	 35.19	 10147.59	NaN	 NaN	 NaN	 NaN	 NaN	0.00	 39.28	 29.54
0.00	 1.00	 5.73	 5.73	-10.00	 10149.82	-18.68	 1.00	 45.02	 35.25	 10150.05	-4.51	 1.00	 45.09	 35.35	 10152.50	0.00	 39.27	 29.55
0.00	 1.00	 5.73	 5.73	NaN	 NaN	-10.34	 1.00	 44.94	 35.24	 10154.96	NaN	 NaN	 NaN	 NaN	 NaN	0.00	 39.28	 29.53
0.00	 1.00	 5.73	 5.73	-10.00	 10156.75	-16.17	 1.00	 44.99	 35.28	 10157.41	-2.00	 1.00	 45.05	 35.26	 10159.86	0.00	 39.26	 29.54
0.00	 1.00	 5.73	 5.73	NaN	 NaN	-7.83	 1.00	 44.99	 35.22	 10162.32	NaN	 NaN	 NaN	 NaN	 NaN	0.00	 39.28	 29.53
0.00	 1.00	 5.73	 5.73	-10.00	 10163.67	-13.66	 1.00	 45.07	 35.17	 10164.77	NaN	 NaN	 NaN	 NaN	 NaN	0.00	 39.27	 29.53
0.00	 1.00	 5.73	 5.73	NaN	 NaN	-19.48	 1.00	 45.06	 35.20	 10167.23	-5.31	 1.00	 45.03	 35.24	 10169.68	0.00	 39.26	 29.54
0.00	 1.00	 5.73	 5.73	-10.00	 10170.60	-11.14	 1.00	 45.09	 35.19	 10172.14	NaN	 NaN	 NaN	 NaN	 NaN	0.00	 39.26	 29.53
0.00	 1.00	 5.73	 5.73	NaN	 NaN	-16.97	 1.00	 44.94	 35.34	 10174.59	-2.80	 1.00	 45.02	 35.23	 10177.04	0.00	 39.27	 29.52
0.00	 1.00	 5.73	 5.73	-10.00	 10177.53	-8.63	 1.00	 44.91	 35.21	 10179.50	NaN	 NaN	 NaN	 NaN	 NaN	0.00	 39.26	 29.53
0.00	 1.00	 5.73	 5.73	NaN	 NaN	-14.46	 1.00	 44.94	 35.21	 10181.95	-0.29	 1.00	 45.07	 35.34	 10184.41	0.00	 39.27	 29.53
0.00	 1.00	 5.73	 5.73	-10.00	 10184.46	-6.12	 1.00	 45.04	 35.26	 10186.86	NaN	 NaN	 NaN	 NaN	 NaN	0.00	 39.28	 29.52
0.00	 1.00	 5.73	 5.73	NaN	 NaN	-11.95	 1.00	 45.06	 35.26	 10189.32	NaN	 NaN	 NaN	 NaN	 NaN	0.00	 39.27	 29.54
0.00	 1.00	 5.73	 5.73	-10.00	 10191.39	-17.78	 1.00	 44.98	 35.22	 10191.77	-3.61	 1.00	 45.08	 35.24	 10194.23	0.00	 39.26	 29.54
0.00	 1.00	 5.73	 5.73	NaN	 NaN	-9.44	 1.00	 45.00	 35.22	 10196.68	NaN	 NaN	 NaN	 NaN	 NaN	0.00	 39.27	 29.53
0.00	 1.00	 5.73	 5.73	-10.00	 10198.32	-15.27	 1.00	 45.07	 35.24	 10199.13	-1.10	 1.00	 44.96	 35.31	 10201.59	0.00	 39.26	 29.54
0.00	 1.00	 5.73	 5.73	NaN	 NaN	-6.93	 1.00	 44.94	 35.19	 10204.04	NaN	 NaN	 NaN	 NaN	 NaN	0.00	 39.27	 29.53
0.00	 1.00	 5.73	 5.73	-10.00	 10205.24	-12.76	 1.00	 45.06	 35.31	 10206.50	NaN	 NaN	 NaN	 NaN	 NaN	0.00	 39.28	 29.53
0.00	 1.00	 5.73	 5.73	NaN	 NaN	-18.59	 1.00	 45.02	 35.22	 10208.95	-4.42	 1.00	 45.02	 35.29	 10211.41	0.00	 39.28	 29.52
0.00	 1.00	 5.73	 5.73	-10.00	 10212.17	-10.25	 1.00	 44.97	 35.18	 10213.86	NaN	 NaN	 NaN	 NaN	 NaN	0.00	 39.26	 29.53
0.00	 1.00	 5.73	 5.73	NaN	 NaN	-16.08	 1.00	 45.07	 35.26	 10216.31	-1.91	 1.00	 45.05	 35.22	 10218.77	0.00	 39.28	 29.53
0.00	 1.00	 5.73	 5.73	-10.00	 10219.10	-7.74	 1.00	 45.02	 35.25	 10221.22	NaN	 NaN	 NaN	 NaN	 NaN	0.00	 39.27	 29.53
0.00	 1.00	 5.73	 5.73	NaN	 NaN	-13.57	 1.00	 44.98	 35.19	 10223.68	NaN	 NaN	 NaN	 NaN	 NaN	0.00	 39.26	 29.54
0.00	 1.00	 5.73	 5.73	-10.00	 10226.03	-19.40	 1.00	 44.95	 35.18	 10226.13	-5.23	 1.00	 44.96	 35.31	 10228.59	0.00	 39.28	 29.53
0.00	 1.00	 5.73	 5.73	NaN	 NaN	-11.06	 1.00	 45.02	 35.30	 10231.04	NaN	 NaN	 NaN	 NaN	 NaN	0.00	 39.28	 29.54
0.00	 1.00	 5.73	 5.73	-10.00	 10232.96	-16.89	 1.00	 44.91	 35.30	 10233.50	-2.72	 1.00	 45.00	 35.21	 10235.95	0.00	 39.26	 29.53
0.00	 1.00	 5.73	 5.73	NaN	 NaN	-8.55	 1.00	 44.94	 35.20	 10238.40	NaN	 NaN	 NaN	 NaN	 NaN	0.00	 39.27	 29.54
0.00	 1.00	 5.73	 5.73	-10.00	 10239.88	-14.38	 1.00	 45.06	 35.36	 10240.86	-0.21	 1.00	 45.07	 35.24	 10243.31	0.00	 39.28	 29.54
0.00	 1.00	 5.73	 5.73	NaN	 NaN	-6.04	 1.00	 45.05	 35.27	 10245.77	NaN	 NaN	 NaN	 NaN	 NaN	0.00	 39.26	 29.53
0.00	 1.00	 5.73	 5.73	-10.00	 10246.81	-11.87	 1.00	 45.06	 35.26	 10248.22	NaN	 NaN	 NaN	 NaN	 NaN	0.00	 39.27	 29.54
0.00	 1.00	 5.73	 5.73	NaN	 NaN	-17.70	 1.00	 45.02	 35.32	 10250.68	-3.53	 1.00	 44.93	 35.27	 10253.13	0.00	 39.27	 29.53
0.00	 1.00	 5.73	 5.73	-10.00	 10253.74	-9.36	 1.00	 44.98	 35.28	 10255.58	NaN	 NaN	 NaN	 NaN	 NaN	0.00	 39.28	 29.53
0.00	 1.00	 5.73	 5.73	NaN	 NaN	-15.19	 1.00	 45.08	 35.24	 10258.04	-1.02	 1.00	 44.98	 35.32	 10260.49	0.00	 39.28	 29.54
0.00	 1.00	 5.73	 5.73	-10.00	 10260.67	-6.85	 1.00	 45.03	 35.24	 10262.95	NaN	 NaN	 NaN	 NaN	 NaN	0.00	 39.28	 29.53
0.00	 1.00	 5.73	 5.73	NaN	 NaN	-12.68	 1.00	 45.03	 35.25	 10265.40	NaN	 NaN	 NaN	 NaN	 NaN	0.00	 39.27	 29.53
0.00	 1.00	 5.73	 5.73	-10.00	 10267.60	-18.51	 1.00	 44.93	 35.25	 10267.86	-4.34	 1.00	 44.97	 35.21	 10270.31	0.00	 39.28	 29.54
0.00	 1.00	 5.73	 5.73	NaN	 NaN	-10.17	 1.00	 45.08	 35.30	 10272.76	NaN	 NaN	 NaN	 NaN	 NaN	0.00	 39.26	 29.53
0.00	 1.00	 5.73	 5.73	-10.00	 10274.53	-16.00	 1.00	 45.02	 35.31	 10275.22	-1.82	 1.00	 45.01	 35.30	 10277.67	0.00	 39.27	 29.53
0.00	 1.00	 5.73	 5.73	NaN	 NaN	-7.65	 1.00	 45.08	 35.33	 10280.13	NaN	 NaN	 NaN	 NaN	 NaN	0.00	 39.27	 29.52
0.00	 1.00	 5.73	 5.73	-10.00	 10281.45	-13.48	 1.00	 44.94	 35.22	 10282.58	NaN	 NaN	 NaN	 NaN	 NaN	0.00	 39.27	 29.53
0.00	 1.00	 5.73	 5.73	NaN	 NaN	-19.31	 1.00	 44.92	 35.36	 10285.04	-5.14	 1.00	 44.95	 35.30	 10287.49	0.00	 39.27	 29.53
0.00	 1.00	 5.73	 5.73	-10.00	 10288.38	-10.97	 1.00	 44.93	 35.21	 10289.95	NaN	 NaN	 NaN	 NaN	 NaN	0.00	 39.27	 29.53
0.00	 1.00	 5.73	 5.73	NaN	 NaN	-16.80	 1.00	 45.00	 35.19	 10292.40	-2.63	 1.00	 44.98	 35.27	 10294.85	0.00	 39.26	 29.52
0.00	 1.00	 5.73	 5.73	-10.00	 10295.31	-8.46	 1.00	 44.97	 35.28	 10297.31	NaN	 NaN	 NaN	 NaN	 NaN	0.00	 39.27	 29.54
0.00	 1.00	 5.73	 5.73	NaN	 NaN	-14.29	 1.00	 45.01	 35.24	 10299.76	-0.12	 1.00	 45.04	 35.30	 10302.22	0.00	 39.26	 29.53
0.00	 1.00	 5.73	 5.73	-10.00	 10302.24	-5.95	 1.00	 45.03	 35.28	 10304.67	NaN	 NaN	 NaN	 NaN	 NaN	0.00	 39.27	 29.54
0.00	 1.00	 5.73	 5.73	NaN	 NaN	-11.78	 1.00	 44.97	 35.29	 10307.13	NaN	 NaN	 NaN	 NaN	 NaN	0.00	 39.26	 29.54
0.00	 1.00	 5.73	 5.73	-10.00	 10309.17	-17.61	 1.00	 45.08	 35.28	 10309.58	-3.44	 1.00	 45.09	 35.25	 10312.03	0.00	 39.27	 29.53
0.00	 1.00	 5.73	 5.73	NaN	 NaN	-9.27	 1.00	 45.04	 35.18	 10314.49	NaN	 NaN	 NaN	 NaN	 NaN	0.00	 39.27	 29.55
0.00	 1.00	 5.73	 5.73	-10.00	 10316.09	-15.10	 1.00	 45.05	 35.27	 10316.94	-0.93	 1.00	 44.91	 35.22	 10319.40	0.00	 39.27	 29.54
0.00	 1.00	 5.73	 5.73	NaN	 NaN	-6.76	 1.00	 45.01	 35.32	 10321.85	NaN	 NaN	 NaN	 NaN	 NaN	0.00	 39.27	 29.54
0.00	 1.00	 5.73	 5.73	-10.00	 10323.02	-12.59	 1.00	 44.92	 35.27	 10324.31	NaN	 NaN	 NaN	 NaN	 NaN	0.00	 39.27	 29.53
0.00	 1.00	 5.73	 5.73	NaN	 NaN	-18.42	 1.00	 45.05	 35.29	 10326.76	-4.25	 1.00	 45.08	 35.18	 10329.21	0.00	 39.27	 29.53
0.00	 1.00	 5.73	 5.73	-10.00	 10329.95	-10.08	 1.00	 44.96	 35.34	 10331.67	NaN	 NaN	 NaN	 NaN	 NaN	0.00	 39.26	 29.53
0.00	 1.00	 5.73	 5.73	NaN	 NaN	-15.91	 1.00	 45.05	 35.28	 10334.12	-1.74	 1.00	 45.06	 35.34	 10336.58	0.00	 39.26	 29.54
0.00	 1.00	 5.73	 5.73	-10.00	 10336.88	-7.57	 1.00	 45.09	 35.36	 10339.03	NaN	 NaN	 NaN	 NaN	 NaN	0.00	 39.27	 29.53
0.00	 1.00	 5.73	 5.73	NaN	 NaN	-13.40	 1.00	 44.94	 35.18	 10341.49	NaN	 NaN	 NaN	 NaN	 NaN	0.00	 39.27	 29.54
0.00	 1.00	 5.73	 5.73	-10.00	 10343.81	-19.23	 1.00	 44.92	 35.17	 10343.94	-5.06	 1.00	 45.08	 35.19	 10346.40	0.00	 39.26	 29.53
0.00	 1.00	 5.73	 5.73	NaN	 NaN	-10.89	 1.00	 45.06	 35.30	 10348.85	NaN	 NaN	 NaN	 NaN	 NaN	0.00	 39.27	 29.54
0.00	 1.00	 5.73	 5.73	-10.00	 10350.74	-16.72	 1.00	 45.00	 35.24	 10351.30	-2.55	 1.00	 44.97	 35.22	 10353.76	0.00	 39.27	 29.54
0.00	 1.00	 5.73	 5.73	NaN	 NaN	-8.38	 1.00	 45.07	 35.31	 10356.21	NaN	 NaN	 NaN	 NaN	 NaN	0.00	 39.26	 29.54
0.00	 1.00	 5.73	 5.73	-10.00	 10357.66	-14.21	 1.00	 44.91	 35.26	 10358.67	-0.04	 1.00	 44.96	 35.17	 10361.12	0.00	 39.28	 29.53
0.00	 1.00	 5.73	 5.73	NaN	 NaN	-5.87	 1.00	 45.07	 35.32	 10363.58	NaN	 NaN	 NaN	 NaN	 NaN	0.00	 39.26	 29.54
0.00	 1.00	 5.73	 5.73	-10.00	 10364.59	-11.70	 1.00	 44.97	 35.32	 10366.03	NaN	 NaN	 NaN	 NaN	 NaN	0.00	 39.27	 29.54
0.00	 1.00	 5.73	 5.73	NaN	 NaN	-17.53	 1.00	 44.97	 35.23	 10368.48	-3.36	 1.00	 45.08	 35.36	 10370.94	0.00	 39.26	 29.53
0.00	 1.00	 5.73	 5.73	-10.00	 10371.52	-9.19	 1.00	 45.00	 35.35	 10373.39	NaN	 NaN	 NaN	 NaN	 NaN	0.00	 39.28	 29.55
0.00	 1.00	 5.73	 5.73	NaN	 NaN	-15.02	 1.00	 45.07	 35.27	 10375.85	-0.85	 1.00	 44.98	 35.30	 10378.30	0.00	 39.28	 29.54
0.00	 1.00	 5.73	 5.73	-10.00	 10378.45	-6.68	 1.00	 44.99	 35.28	 10380.76	NaN	 NaN	 NaN	 NaN	 NaN	0.00	 39.26	 29.53
0.00	 1.00	 5.73	 5.73	NaN	 NaN	-12.51	 1.00	 45.09	 35.32	 10383.21	NaN	 NaN	 NaN	 NaN	 NaN	0.00	 39.26	 29.54
0.00	 1.00	 5.73	 5.73	-10.00	 10385.38	-18.34	 1.00	 44.97	 35.19	 10385.66	-4.17	 1.00	 44.94	 35.27	 10388.12	0.00	 39.28	 29.54
0.00	 1.00	 5.73	 5.73	NaN	 NaN	-9.99	 1.00	 44.99	 35.32	 10390.57	NaN	 NaN	 NaN	 NaN	 NaN	0.00	 39.28	 29.53
