08:43:20.555 -720.976501 8047.775391 2427.324219 -0.089348 0.291834 8436.729492 13.190430 1308.144531 487.091797 0.010083 0.356432 1395.949341 0.010083 0.356432
08:43:20.755 -737.880554 8235.964844 2504.769043 -0.089354 0.294127 8639.991211 -105.348984 1219.181152 380.901428 -0.086196 0.301759 1281.634399 -0.024081 0.337592
08:43:20.955 -738.686523 8244.937500 2508.461426 -0.089354 0.294233 8649.683594 -111.313965 1217.139526 374.690247 -0.091202 0.297469 1278.363037 -0.047708 0.323789
08:43:21.156 -737.972168 8245.431641 2508.637451 -0.089263 0.294238 8650.144531 -111.563202 1215.435181 373.536896 -0.091532 0.296990 1276.424194 -0.065948 0.312838
08:43:21.356 -738.710876 8245.339844 2508.626221 -0.089353 0.294238 8650.118164 -112.006943 1217.878296 371.509064 -0.091711 0.294907 1278.198730 -0.080229 0.303517
08:43:21.556 -739.478577 8245.318359 2508.645996 -0.089445 0.294239 8650.167969 -111.872208 1216.026367 371.489227 -0.091740 0.295314 1276.416748 -0.090856 0.296582
08:43:21.756 -739.513000 8245.266602 2508.626221 -0.089450 0.294238 8650.116211 -111.840546 1216.026978 371.286102 -0.091714 0.295163 1276.355469 -0.098309 0.291592
08:43:21.957 -740.269714 8245.246094 2508.645752 -0.089541 0.294239 8650.166992 -111.849228 1214.564941 369.847107 -0.091831 0.294415 1274.545044 -0.103312 0.287986
08:43:22.157 -740.303528 8245.195312 2508.625977 -0.089546 0.294238 8650.116211 -111.999283 1216.480469 369.646790 -0.091809 0.293828 1276.325684 -0.106475 0.285456
08:43:22.357 -139.494385 1553.644043 472.715576 -0.089545 0.294247 1629.947388 -111.782387 1215.000122 368.432587 -0.091744 0.293255 1274.544312 -0.108336 0.283695
08:43:22.558 -110.698090 1232.922119 375.135498 -0.089545 0.294249 1293.475098 -111.993141 1218.577026 368.624756 -0.091647 0.292589 1278.028442 -0.109238 0.282478
08:43:22.758 -109.060349 1215.928589 369.962097 -0.089454 0.294249 1275.636475 -111.550377 1216.260376 370.797150 -0.091460 0.294749 1276.410278 -0.108918 0.282481
08:43:22.958 -109.052078 1213.403809 369.199707 -0.089632 0.294249 1273.008057 -111.465370 1214.237427 371.050720 -0.091542 0.295401 1274.549194 -0.106576 0.283856
08:43:23.158 -109.357697 1215.393066 369.803192 -0.089736 0.294245 1275.105347 -111.184784 1215.246704 373.929749 -0.091237 0.297335 1276.326782 -0.098195 0.289152
08:43:23.358 -109.204651 1213.669312 369.278717 -0.089737 0.294245 1273.297119 -110.876556 1213.202515 374.470459 -0.091138 0.298215 1274.512451 -0.090992 0.293851
08:43:23.558 -109.365517 1216.705566 370.204498 -0.089646 0.294249 1276.473511 -111.159676 1215.996338 377.285767 -0.091161 0.299675 1278.025146 -0.089280 0.297059
08:43:23.759 -109.364723 1215.468018 369.825806 -0.089736 0.294245 1275.183960 -110.716850 1215.282715 374.146667 -0.090853 0.297499 1276.384033 -0.089036 0.297466
08:43:23.959 -109.321381 1213.683105 369.285828 -0.089832 0.294245 1273.322388 -110.807640 1213.810913 372.521088 -0.091037 0.296615 1274.514526 -0.089253 0.295372
08:43:24.159 -109.485092 1216.726807 370.213776 -0.089742 0.294249 1276.506714 -111.130829 1216.993774 374.071075 -0.091063 0.297043 1278.026978 -0.089391 0.295395
08:43:24.359 -109.368912 1215.493164 369.833313 -0.089737 0.294245 1275.210449 -111.071877 1215.409058 373.635345 -0.091133 0.297080 1276.385376 -0.089400 0.295466
08:43:24.559 -109.711723 1216.816406 370.246735 -0.089920 0.294249 1276.621094 -111.101875 1216.629150 375.576111 -0.091067 0.298253 1278.118774 -0.090202 0.297434
08:43:24.759 -109.603691 1215.491821 369.839081 -0.089929 0.294245 1275.231079 -110.891510 1214.709961 375.962891 -0.091038 0.298987 1276.387573 -0.090574 0.297600
08:43:24.960 -109.717072 1215.464355 369.833832 -0.090024 0.294245 1275.213135 -111.018730 1214.844971 375.393860 -0.091132 0.298527 1276.359619 -0.090914 0.297665
08:43:25.160 -109.536034 1213.440430 369.222656 -0.090025 0.294248 1273.091187 -110.778053 1213.105835 374.948181 -0.091065 0.298598 1274.552368 -0.091318 0.297658
08:43:25.360 -109.833015 1215.445801 369.831177 -0.090120 0.294245 1275.204590 -110.760437 1214.558594 376.299377 -0.090942 0.299276 1276.331421 -0.091276 0.297984
08:43:25.560 -109.654808 1213.454956 369.230042 -0.090121 0.294248 1273.117432 -110.640862 1212.966797 375.438049 -0.090963 0.299000 1274.552368 -0.091460 0.298091
08:43:25.760 -109.836807 1215.466675 369.837372 -0.090121 0.294245 1275.226685 -110.776451 1214.769165 375.617737 -0.090940 0.298717 1276.332397 -0.091434 0.298255
08:43:25.961 -109.811081 1215.183228 369.755585 -0.090121 0.294248 1274.930542 -110.828964 1215.051025 374.706970 -0.090962 0.297970 1276.337402 -0.091486 0.298247
08:43:26.161 -109.769531 1213.485840 369.242004 -0.090213 0.294248 1273.160156 -110.738800 1212.844971 375.809570 -0.091053 0.299304 1274.554443 -0.091574 0.298402
08:43:26.361 -109.956337 1215.489136 369.847076 -0.090217 0.294244 1275.261230 -111.480255 1214.881958 375.049713 -0.091506 0.298251 1276.333862 -0.091683 0.298416
08:43:26.561 -109.820618 1215.225708 369.768219 -0.090126 0.294248 1274.975586 -111.665062 1215.293457 373.679138 -0.091626 0.297127 1276.339844 -0.091868 0.298235
08:43:26.761 -109.816605 1215.241211 369.772675 -0.090121 0.294247 1274.991333 -112.092346 1216.231812 370.491608 -0.091904 0.294515 1276.341919 -0.092227 0.297644
08:43:26.962 -110.074905 1215.540527 369.865540 -0.090310 0.294244 1275.325684 -111.931450 1215.854126 371.855835 -0.091801 0.295627 1276.364624 -0.092389 0.297338
08:43:27.162 -109.787430 1213.560547 369.264313 -0.090222 0.294247 1273.239380 -111.737427 1213.487793 373.449707 -0.091821 0.297366 1274.559692 -0.092507 0.297287
08:43:27.362 -109.818932 1215.204956 369.761292 -0.090126 0.294247 1274.953613 -112.005951 1215.199951 373.605988 -0.091911 0.297086 1276.259277 -0.092501 0.297283
08:43:27.562 -109.963326 1215.585083 369.875610 -0.090216 0.294244 1275.361572 -112.323868 1216.364746 370.063873 -0.092083 0.294160 1276.364868 -0.092727 0.296813
08:43:27.762 -109.939926 1215.308105 369.795349 -0.090217 0.294247 1275.072144 -111.922516 1215.348755 373.442596 -0.091832 0.296931 1276.345825 -0.092603 0.296879
08:43:27.963 -109.941338 1215.322632 369.799683 -0.090217 0.294247 1275.087402 -111.999596 1215.154663 374.054016 -0.091909 0.297432 1276.346802 -0.092422 0.297038
08:43:28.163 -109.896667 1213.592407 369.397705 -0.090308 0.294338 1273.317871 -112.398666 1214.588623 369.662537 -0.092278 0.294259 1274.562378 -0.091585 0.295007
08:43:28.363 -109.965706 1215.571533 369.998901 -0.090219 0.294339 1275.384521 -112.474556 1216.693359 368.849487 -0.092181 0.293172 1276.339844 -0.093083 0.295998
08:43:28.563 -110.053482 1215.323975 369.930511 -0.090309 0.294342 1275.136353 -112.160591 1215.482666 372.941498 -0.092016 0.296520 1276.347778 -0.091442 0.294956
08:43:28.763 -110.060257 1215.339722 369.935333 -0.090313 0.294342 1275.153320 -111.969673 1214.754517 375.371063 -0.091915 0.298511 1276.349976 -0.091926 0.296877
08:43:28.964 -110.086388 1215.625488 370.018250 -0.090313 0.294339 1275.452026 -112.267342 1215.803223 371.940369 -0.092079 0.295695 1276.370239 -0.091159 0.295192
08:43:29.164 -109.952446 1215.382690 369.944946 -0.090222 0.294342 1275.187744 -112.280663 1215.668701 372.313446 -0.092100 0.296005 1276.352051 -0.091125 0.295096
08:43:29.364 -109.794449 1213.695923 369.431274 -0.090217 0.294342 1273.417480 -111.847557 1213.407104 373.705322 -0.091917 0.297574 1274.567505 -0.091247 0.295134
08:43:29.564 -110.244621 1217.393555 370.556000 -0.090312 0.294339 1277.306885 -111.964249 1216.304199 376.604553 -0.091794 0.299078 1278.187378 -0.091514 0.297282
08:43:29.764 -109.964279 1215.514160 369.984497 -0.090222 0.294342 1275.325562 -111.915733 1214.352783 376.997498 -0.091901 0.299822 1276.442261 -0.091356 0.297653
08:43:29.964 -110.061180 1215.406006 370.076141 -0.090309 0.294433 1275.257446 -112.540779 1216.223999 370.439240 -0.092270 0.294469 1276.358643 -0.091097 0.295446
08:43:30.165 -109.975029 1215.674561 370.157074 -0.090219 0.294435 1275.529419 -112.665344 1216.321167 370.135254 -0.092364 0.294216 1276.374023 -0.091288 0.295287
08:43:30.365 -110.063347 1215.432861 370.090088 -0.090309 0.294437 1275.287231 -112.668060 1216.106201 370.781616 -0.092383 0.294749 1276.357056 -0.091350 0.295077
09:20:47.897 -720.976501 8047.775391 2427.324219 -0.089348 0.291834 8436.729492 13.190430 1308.144531 487.091797 0.010083 0.356432 1395.949341 0.010083 0.356432
09:20:48.097 -737.880554 8235.964844 2504.769043 -0.089354 0.294127 8639.991211 -105.348984 1219.181152 380.901428 -0.086196 0.301759 1281.634399 -0.024081 0.337592
09:20:48.297 -738.686523 8244.937500 2508.461426 -0.089354 0.294233 8649.683594 -111.313965 1217.139526 374.690247 -0.091202 0.297469 1278.363037 -0.047708 0.323789
09:20:48.497 -737.972168 8245.431641 2508.637451 -0.089263 0.294238 8650.144531 -111.563202 1215.435181 373.536896 -0.091532 0.296990 1276.424194 -0.065948 0.312838
09:20:48.698 -738.710876 8245.339844 2508.626221 -0.089353 0.294238 8650.118164 -112.006943 1217.878296 371.509064 -0.091711 0.294907 1278.198730 -0.080229 0.303517
09:20:48.898 -739.478577 8245.318359 2508.645996 -0.089445 0.294239 8650.167969 -111.872208 1216.026367 371.489227 -0.091740 0.295314 1276.416748 -0.090856 0.296582
09:20:49.098 -739.513000 8245.266602 2508.626221 -0.089450 0.294238 8650.116211 -111.840546 1216.026978 371.286102 -0.091714 0.295163 1276.355469 -0.098309 0.291592
09:20:49.299 -740.269714 8245.246094 2508.645752 -0.089541 0.294239 8650.166992 -111.849228 1214.564941 369.847107 -0.091831 0.294415 1274.545044 -0.103312 0.287986
09:20:49.499 -740.303528 8245.195312 2508.625977 -0.089546 0.294238 8650.116211 -111.999283 1216.480469 369.646790 -0.091809 0.293828 1276.325684 -0.106475 0.285456
09:20:49.699 -139.494385 1553.644043 472.715576 -0.089545 0.294247 1629.947388 -111.782387 1215.000122 368.432587 -0.091744 0.293255 1274.544312 -0.108336 0.283695
09:20:49.899 -110.698090 1232.922119 375.135498 -0.089545 0.294249 1293.475098 -111.993141 1218.577026 368.624756 -0.091647 0.292589 1278.028442 -0.109238 0.282478
09:20:50.099 -109.060349 1215.928589 369.962097 -0.089454 0.294249 1275.636475 -111.550377 1216.260376 370.797150 -0.091460 0.294749 1276.410278 -0.108918 0.282481
09:20:50.300 -109.052078 1213.403809 369.199707 -0.089632 0.294249 1273.008057 -111.465370 1214.237427 371.050720 -0.091542 0.295401 1274.549194 -0.106576 0.283856
09:20:50.500 -109.357697 1215.393066 369.803192 -0.089736 0.294245 1275.105347 -111.184784 1215.246704 373.929749 -0.091237 0.297335 1276.326782 -0.098195 0.289152
09:20:50.700 -109.204651 1213.669312 369.278717 -0.089737 0.294245 1273.297119 -110.876556 1213.202515 374.470459 -0.091138 0.298215 1274.512451 -0.090992 0.293851
09:20:50.900 -109.365517 1216.705566 370.204498 -0.089646 0.294249 1276.473511 -111.159676 1215.996338 377.285767 -0.091161 0.299675 1278.025146 -0.089280 0.297059
09:20:51.100 -109.364723 1215.468018 369.825806 -0.089736 0.294245 1275.183960 -110.716850 1215.282715 374.146667 -0.090853 0.297499 1276.384033 -0.089036 0.297466
09:20:51.301 -109.321381 1213.683105 369.285828 -0.089832 0.294245 1273.322388 -110.807640 1213.810913 372.521088 -0.091037 0.296615 1274.514526 -0.089253 0.295372
09:20:51.501 -109.485092 1216.726807 370.213776 -0.089742 0.294249 1276.506714 -111.130829 1216.993774 374.071075 -0.091063 0.297043 1278.026978 -0.089391 0.295395
09:20:51.701 -109.368912 1215.493164 369.833313 -0.089737 0.294245 1275.210449 -111.071877 1215.409058 373.635345 -0.091133 0.297080 1276.385376 -0.089400 0.295466
09:20:51.901 -109.711723 1216.816406 370.246735 -0.089920 0.294249 1276.621094 -111.101875 1216.629150 375.576111 -0.091067 0.298253 1278.118774 -0.090202 0.297434
09:20:52.101 -109.603691 1215.491821 369.839081 -0.089929 0.294245 1275.231079 -110.891510 1214.709961 375.962891 -0.091038 0.298987 1276.387573 -0.090574 0.297600
09:20:52.301 -109.717072 1215.464355 369.833832 -0.090024 0.294245 1275.213135 -111.018730 1214.844971 375.393860 -0.091132 0.298527 1276.359619 -0.090914 0.297665
09:20:52.502 -109.536034 1213.440430 369.222656 -0.090025 0.294248 1273.091187 -110.778053 1213.105835 374.948181 -0.091065 0.298598 1274.552368 -0.091318 0.297658
09:20:52.702 -109.833015 1215.445801 369.831177 -0.090120 0.294245 1275.204590 -110.760437 1214.558594 376.299377 -0.090942 0.299276 1276.331421 -0.091276 0.297984
09:20:52.902 -109.654808 1213.454956 369.230042 -0.090121 0.294248 1273.117432 -110.640862 1212.966797 375.438049 -0.090963 0.299000 1274.552368 -0.091460 0.298091
09:20:53.102 -109.836807 1215.466675 369.837372 -0.090121 0.294245 1275.226685 -110.776451 1214.769165 375.617737 -0.090940 0.298717 1276.332397 -0.091434 0.298255
09:20:53.302 -109.811081 1215.183228 369.755585 -0.090121 0.294248 1274.930542 -110.828964 1215.051025 374.706970 -0.090962 0.297970 1276.337402 -0.091486 0.298247
09:20:53.502 -109.769531 1213.485840 369.242004 -0.090213 0.294248 1273.160156 -110.738800 1212.844971 375.809570 -0.091053 0.299304 1274.554443 -0.091574 0.298402
09:20:53.703 -109.956337 1215.489136 369.847076 -0.090217 0.294244 1275.261230 -111.480255 1214.881958 375.049713 -0.091506 0.298251 1276.333862 -0.091683 0.298416
09:20:53.903 -109.820618 1215.225708 369.768219 -0.090126 0.294248 1274.975586 -111.665062 1215.293457 373.679138 -0.091626 0.297127 1276.339844 -0.091868 0.298235
09:20:54.103 -109.816605 1215.241211 369.772675 -0.090121 0.294247 1274.991333 -112.092346 1216.231812 370.491608 -0.091904 0.294515 1276.341919 -0.092227 0.297644
09:20:54.303 -110.074905 1215.540527 369.865540 -0.090310 0.294244 1275.325684 -111.931450 1215.854126 371.855835 -0.091801 0.295627 1276.364624 -0.092389 0.297338
09:20:54.503 -109.787430 1213.560547 369.264313 -0.090222 0.294247 1273.239380 -111.737427 1213.487793 373.449707 -0.091821 0.297366 1274.559692 -0.092507 0.297287
09:20:54.703 -109.818932 1215.204956 369.761292 -0.090126 0.294247 1274.953613 -112.005951 1215.199951 373.605988 -0.091911 0.297086 1276.259277 -0.092501 0.297283
09:20:54.904 -109.963326 1215.585083 369.875610 -0.090216 0.294244 1275.361572 -112.323868 1216.364746 370.063873 -0.092083 0.294160 1276.364868 -0.092727 0.296813
09:20:55.104 -109.939926 1215.308105 369.795349 -0.090217 0.294247 1275.072144 -111.922516 1215.348755 373.442596 -0.091832 0.296931 1276.345825 -0.092603 0.296879
09:20:55.304 -109.941338 1215.322632 369.799683 -0.090217 0.294247 1275.087402 -111.999596 1215.154663 374.054016 -0.091909 0.297432 1276.346802 -0.092422 0.297038
09:20:55.504 -109.896667 1213.592407 369.397705 -0.090308 0.294338 1273.317871 -112.398666 1214.588623 369.662537 -0.092278 0.294259 1274.562378 -0.091585 0.295007
09:20:55.704 -109.965706 1215.571533 369.998901 -0.090219 0.294339 1275.384521 -112.474556 1216.693359 368.849487 -0.092181 0.293172 1276.339844 -0.093083 0.295998
09:20:55.904 -110.053482 1215.323975 369.930511 -0.090309 0.294342 1275.136353 -112.160591 1215.482666 372.941498 -0.092016 0.296520 1276.347778 -0.091442 0.294956
09:20:56.105 -110.060257 1215.339722 369.935333 -0.090313 0.294342 1275.153320 -111.969673 1214.754517 375.371063 -0.091915 0.298511 1276.349976 -0.091926 0.296877
09:20:56.305 -110.086388 1215.625488 370.018250 -0.090313 0.294339 1275.452026 -112.267342 1215.803223 371.940369 -0.092079 0.295695 1276.370239 -0.091159 0.295192
09:20:56.505 -109.952446 1215.382690 369.944946 -0.090222 0.294342 1275.187744 -112.280663 1215.668701 372.313446 -0.092100 0.296005 1276.352051 -0.091125 0.295096
09:20:56.705 -109.794449 1213.695923 369.431274 -0.090217 0.294342 1273.417480 -111.847557 1213.407104 373.705322 -0.091917 0.297574 1274.567505 -0.091247 0.295134
09:20:56.905 -110.244621 1217.393555 370.556000 -0.090312 0.294339 1277.306885 -111.964249 1216.304199 376.604553 -0.091794 0.299078 1278.187378 -0.091514 0.297282
09:20:57.106 -109.964279 1215.514160 369.984497 -0.090222 0.294342 1275.325562 -111.915733 1214.352783 376.997498 -0.091901 0.299822 1276.442261 -0.091356 0.297653
09:20:57.306 -110.061180 1215.406006 370.076141 -0.090309 0.294433 1275.257446 -112.540779 1216.223999 370.439240 -0.092270 0.294469 1276.358643 -0.091097 0.295446
09:20:57.506 -109.975029 1215.674561 370.157074 -0.090219 0.294435 1275.529419 -112.665344 1216.321167 370.135254 -0.092364 0.294216 1276.374023 -0.091288 0.295287
09:20:57.706 -110.063347 1215.432861 370.090088 -0.090309 0.294437 1275.287231 -112.668060 1216.106201 370.781616 -0.092383 0.294749 1276.357056 -0.091350 0.295077
09:20:57.906 -109.804886 1213.755127 369.576172 -0.090221 0.294437 1273.516846 -112.502647 1214.328735 370.518707 -0.092382 0.294959 1274.572632 -0.091705 0.294953
09:20:58.107 -110.213165 1217.084473 370.592621 -0.090309 0.294437 1277.020142 -113.003105 1217.321167 372.550720 -0.092564 0.295792 1278.058960 -0.091440 0.295037
09:20:58.307 -110.079803 1215.555542 370.127075 -0.090313 0.294437 1275.416382 -112.915337 1216.270752 370.454254 -0.092572 0.294461 1276.440674 -0.091661 0.294870
09:20:58.507 -110.254700 1217.484009 370.710693 -0.090313 0.294434 1277.438721 -112.932976 1217.931519 371.134949 -0.092461 0.294595 1278.222290 -0.091536 0.294942
09:20:58.707 -110.083633 1215.594849 370.138733 -0.090313 0.294437 1275.457520 -112.664001 1216.052490 371.280151 -0.092384 0.295135 1276.450439 -0.091445 0.294853
09:20:58.907 -110.077599 1215.528320 370.118286 -0.090313 0.294436 1275.387695 -112.528778 1215.871704 371.623444 -0.092287 0.295436 1276.366211 -0.091547 0.294789
09:20:59.107 -110.232780 1217.241943 370.639862 -0.090313 0.294436 1277.185669 -112.250877 1216.574463 375.511047 -0.092007 0.298193 1278.147949 -0.090843 0.295325
09:20:59.308 -110.087288 1215.635376 370.150543 -0.090313 0.294436 1275.499878 -112.058014 1214.669922 375.952667 -0.091993 0.298964 1276.448364 -0.090838 0.295383
09:20:59.508 -109.970482 1215.582642 370.131287 -0.090222 0.294436 1275.433960 -112.079475 1214.921387 374.859833 -0.091992 0.298087 1276.368164 -0.090918 0.295462
09:20:59.708 -110.055229 1214.025269 369.660004 -0.090406 0.294434 1273.820190 -112.123390 1213.100342 374.509827 -0.092165 0.298242 1274.535889 -0.091151 0.295442
09:20:59.908 -110.081764 1215.513550 370.113129 -0.090318 0.294436 1275.372437 -112.693054 1215.406372 372.785767 -0.092456 0.296410 1276.276489 -0.091321 0.295388
09:21:00.108 -110.085167 1215.609009 370.141876 -0.090313 0.294436 1275.472046 -112.953766 1215.634155 372.257477 -0.092652 0.295957 1276.362183 -0.091437 0.295306
09:21:00.308 -110.240746 1217.329712 370.665649 -0.090313 0.294436 1277.277466 -112.976028 1218.177979 370.071564 -0.092477 0.293742 1278.152710 -0.091399 0.295113
09:21:00.508 -110.206322 1215.712524 370.176147 -0.090405 0.294435 1275.591187 -112.530716 1215.910400 371.794769 -0.092286 0.295556 1276.453125 -0.091494 0.295109
09:21:00.709 -110.094749 1215.658569 370.156708 -0.090318 0.294435 1275.524414 -112.356834 1215.372192 373.327789 -0.092184 0.296831 1276.372681 -0.091526 0.295175
09:21:00.909 -110.381943 1217.608276 370.750427 -0.090408 0.294433 1277.579712 -112.314346 1216.419312 376.263916 -0.092071 0.298790 1278.227295 -0.090864 0.295537
09:21:01.109 -110.104965 1215.768555 370.189850 -0.090318 0.294435 1275.639771 -112.368248 1214.432861 376.662994 -0.092265 0.299544 1276.459473 -0.090937 0.295713
09:21:01.309 -109.939316 1213.998413 369.650604 -0.090313 0.294435 1273.781860 -112.044228 1213.239746 374.264587 -0.092090 0.298028 1274.589600 -0.091288 0.295492
09:21:01.509 -110.240929 1217.331787 370.665375 -0.090313 0.294435 1277.279297 -112.284859 1215.966309 377.208374 -0.092081 0.299601 1278.072021 -0.090963 0.295953
09:21:01.709 -110.213417 1215.790771 370.199097 -0.090405 0.294435 1275.672974 -111.973557 1215.034180 374.816071 -0.091897 0.298031 1276.453369 -0.091723 0.297479
09:21:01.909 -109.947891 1214.036987 369.662079 -0.090318 0.294435 1273.822632 -111.921692 1213.382446 373.844330 -0.091979 0.297682 1274.591309 -0.092068 0.297325
09:21:02.110 -110.270126 1217.653442 370.760376 -0.090313 0.294433 1277.615967 -112.621620 1217.319458 373.160858 -0.092253 0.296257 1278.201538 -0.091188 0.295849
09:21:02.310 -110.217506 1215.836914 370.212708 -0.090404 0.294435 1275.721313 -112.573074 1216.583130 369.606354 -0.092269 0.293762 1276.462402 -0.091447 0.295437
09:21:02.510 -110.102585 1215.745239 370.303619 -0.090318 0.294526 1275.650391 -112.312836 1216.198364 370.663269 -0.092086 0.294647 1276.379150 -0.091616 0.295358
09:21:02.710 -110.098160 1215.752686 370.311401 -0.090313 0.294530 1275.659302 -112.174370 1214.822632 375.175934 -0.092077 0.298345 1276.375366 -0.091457 0.295555
09:21:02.910 -110.210144 1215.754517 370.315186 -0.090405 0.294530 1275.671875 -112.278061 1214.747314 375.391937 -0.092167 0.298522 1276.376343 -0.091424 0.295549
09:21:03.111 -109.951202 1214.073608 369.800171 -0.090318 0.294530 1273.897949 -112.236145 1213.034668 374.877655 -0.092262 0.298530 1274.591431 -0.091470 0.295554
09:21:03.311 -110.205200 1215.697388 370.297516 -0.090405 0.294530 1275.611816 -112.641098 1214.939209 374.375488 -0.092449 0.297709 1276.292358 -0.091421 0.295743
09:21:03.511 -110.076302 1214.217896 369.718933 -0.090409 0.294434 1274.022705 -112.887375 1213.885986 371.750580 -0.092730 0.295976 1274.543579 -0.091719 0.295539
09:21:03.711 -110.212509 1215.718994 370.297882 -0.090409 0.294525 1275.633179 -113.098877 1215.965210 370.880951 -0.092745 0.294847 1276.289795 -0.091841 0.295446
09:21:03.911 -110.066376 1214.107056 369.812592 -0.090409 0.294529 1273.943481 -112.984108 1214.735596 369.095123 -0.092744 0.293788 1274.589844 -0.092091 0.295206
09:21:04.111 -110.369095 1217.446289 370.829834 -0.090409 0.294530 1277.447266 -113.062416 1218.000610 370.379944 -0.092561 0.294012 1278.080566 -0.091886 0.295180
09:21:04.311 -110.341270 1215.903320 370.362854 -0.090501 0.294530 1275.838867 -112.916977 1216.556030 369.589447 -0.092552 0.293748 1276.462036 -0.091990 0.295084
09:21:04.512 -110.495407 1217.542725 370.862213 -0.090505 0.294529 1277.559448 -112.667702 1217.510742 372.416504 -0.092277 0.295655 1278.170654 -0.091532 0.295315
