5555 AAAA 3325 0040 0000 0000 0000 0000 0000 0000 0000 0000 0081 02D4 FC49 0C2A 0000 0000 0000 0000 0000 0000 0000 0000 0000 0000 0000 0000 0000 0000 0000 0000 0000 FFFD 0000 0000 FC60 0BFD 0000 0000 0000 F930 0BE9 0A1E 2C1D 0000 
5555 AAAA 3326 0048 0000 0000 0000 0000 0000 0000 0000 0000 0081 02D4 FC48 0C2C 0000 0081 02D3 FC48 0C2C 0000 0000 0000 0000 0000 0000 0000 0000 0000 0000 0000 0000 FFFD 0000 0000 FC5F 0BFD 0000 0000 0000 E4C0 0BE9 0A1E 2C1D 0000 
5555 AAAA 3327 0048 0000 0000 0000 0000 0000 0000 0000 0000 0081 02D5 FC47 0C1D 0000 0000 0000 0000 0000 0000 0000 0000 0000 0000 0000 0000 0000 0000 0000 0000 0000 FFFD 0000 0000 FC5F 0BFD 0000 0000 0000 FC98 0BE9 0A1E 2C1D 0000 
5555 AAAA 3328 0040 0000 0000 0000 0000 0000 0000 0000 0000 0081 02D4 FC46 0C1A 0000 0081 02D4 FC44 0C15 0000 0000 0000 0000 0000 0000 0000 0000 0000 0000 0000 0000 FFFE 0000 0000 FC5F 0BFD 0000 0000 F260 0003 0BE9 0A1E 2C1D 0000 
5555 AAAA 3329 0040 0000 0000 0000 0000 0000 0000 0000 0000 0081 02D5 FC44 0C04 0000 0000 0000 0000 0000 0000 0000 0000 0000 0000 0000 0000 0000 0000 0000 0000 0000 FFFE 0000 0000 FC5E 0BFD 0000 0000 E4C0 0007 0BE9 0A1E 2C1D 0000 
5555 AAAA 332A 0040 0000 0000 0000 0000 0000 0000 0000 0000 0081 02D4 FC44 0C09 0000 0000 0000 0000 0000 0000 0000 0000 0000 0000 0000 0000 0000 0000 0000 0000 0000 FFFD 0000 0000 FC5E 0BFD 0000 0000 FC98 0000 0BE9 0A1E 2C1D 0000 
5555 AAAA 332B 0048 0000 0000 0000 0000 0000 0000 0000 0000 0081 02D4 FC44 0C07 0000 0081 02D4 FC43 0C04 0000 0000 0000 0000 0000 0000 0000 0000 0000 0000 0000 0000 FFFE 0000 0000 FC5D 0BFD 0000 0000 F260 0003 0BE9 0A1E 2C1D 0000 
5555 AAAA 332C 0048 0000 0000 0000 0000 0000 0000 0000 0000 0081 02D3 FC43 0BFF 0000 0081 02D5 FC44 0BFD 0000 0000 0000 0000 0000 0000 0000 0000 0000 0000 0000 0000 FFFD 0000 0000 FC5D 0BFD 0000 0000 0000 E4C0 0BE9 0A1E 2C1D 0000 
5555 AAAA 332D 0040 0000 0000 0000 0000 0000 0000 0000 0000 0081 02D4 FC43 0BF9 0000 0081 02D4 FC44 0BF7 0000 0000 0000 0000 0000 0000 0000 0000 0000 0000 0000 0000 FFFE 0000 0000 FC5C 0BFD 0000 0000 0000 F930 0BE9 0A1E 2C1D 0000 
5555 AAAA 332E 0040 0000 0000 0000 0000 0000 0000 0000 0000 0081 02D3 FC44 0BF3 0000 0000 0000 0000 0000 0000 0000 0000 0000 0000 0000 0000 0000 0000 0000 0000 0000 FFFE 0000 0000 FC5C 0BFD 0000 0000 0000 F260 0BE9 0A1E 2C1D 0000 
5555 AAAA 332F 0048 0000 0000 0000 0000 0000 0000 0000 0000 0081 02D5 FC45 0BEC 0000 0081 02D5 FC45 0BF3 0000 0000 0000 0000 0000 0000 0000 0000 0000 0000 0000 0000 FFFE 0000 0000 FC5C 0BFD 0000 0000 0000 E4C0 0BE9 0A1E 2C1D 0000 
5555 AAAA 3330 0048 0000 0000 0000 0000 0000 0000 0000 0000 0081 02D4 FC47 0C04 0000 0000 0000 0000 0000 0000 0000 0000 0000 0000 0000 0000 0000 0000 0000 0000 0000 FFFF 0000 0000 FC5C 0BFD 0000 0000 F930 0001 0BE9 0A1E 2C1D 0000 
5555 AAAA 3331 0048 0000 0000 0000 0000 0000 0000 0000 0000 0081 02D3 FC46 0C0A 0000 0081 02D5 FC48 0C13 0000 0000 0000 0000 0000 0000 0000 0000 0000 0000 0000 0000 FFFF 0000 0000 FC5A 0BFD 0000 0000 F260 0003 0BE9 0A1E 2C1D 0000 
5555 AAAA 3332 0040 0000 0000 0000 0000 0000 0000 0000 0000 0081 02D4 FC49 0C1E 0000 0000 0000 0000 0000 0000 0000 0000 0000 0000 0000 0000 0000 0000 0000 0000 0000 FFFE 0000 0000 FC5A 0BFD 0000 0000 0000 FC98 0BE9 0A1E 2C1D 0000 
5555 AAAA 3333 0048 0000 0000 0000 0000 0000 0000 0000 0000 0081 02D3 FC4A 0C27 0000 0000 0000 0000 0000 0000 0000 0000 0000 0000 0000 0000 0000 0000 0000 0000 0000 FFFF 0000 0000 FC59 0BFD 0000 0000 0000 F930 0BE9 0A1E 2C1D 0000 
5555 AAAA 3334 0048 0000 0000 0000 0000 0000 0000 0000 0000 0081 02D5 FC4A 0C37 0000 0081 02D5 FC4D 0C24 0000 0000 0000 0000 0000 0000 0000 0000 0000 0000 0000 0000 0000 0000 0000 FC59 0BFD 0000 0000 0000 F260 0BE9 0A1E 2C1D 0000 
5555 AAAA 3335 0040 0000 0000 0000 0000 0000 0000 0000 0000 0081 02D4 FC4D 0C1F 0000 0081 02D4 FC4B 0C19 0000 0000 0000 0000 0000 0000 0000 0000 0000 0000 0000 0000 0000 0000 0000 FC58 0BFD 0000 0000 F930 0001 0BE9 0A1E 2C1D 0000 
5555 AAAA 3336 0040 0000 0000 0000 0000 0000 0000 0000 0000 0081 02D3 FC4B 0C16 0000 0081 02D5 FC4B 0C1D 0000 0000 0000 0000 0000 0000 0000 0000 0000 0000 0000 0000 FFFF 0000 0000 FC58 0BFD 0000 0000 F260 0003 0BE9 0A1E 2C1D 0000 
5555 AAAA 3337 0048 0000 0000 0000 0000 0000 0000 0000 0000 0081 02D5 FC4B 0C1B 0000 0000 0000 0000 0000 0000 0000 0000 0000 0000 0000 0000 0000 0000 0000 0000 0000 0000 0000 0000 FC58 0BFD 0000 0000 FC98 0000 0BE9 0A1E 2C1D 0000 
5555 AAAA 3338 0048 0000 0000 0000 0000 0000 0000 0000 0000 0081 02D4 FC4A 0C1B 0000 0081 02D4 FC4A 0C1C 0000 0000 0000 0000 0000 0000 0000 0000 0000 0000 0000 0000 0000 0000 0000 FC58 0BFD 0000 0000 F930 0001 0BE9 0A1E 2C1D 0000 
5555 AAAA 3339 0040 0000 0000 0000 0000 0000 0000 0000 0000 0081 02D5 FC4B 0C28 0000 0000 0000 0000 0000 0000 0000 0000 0000 0000 0000 0000 0000 0000 0000 0000 0000 0000 0000 0000 FC56 0BFD 0000 0000 0000 E4C0 0BE9 0A1E 2C1D 0000 
5555 AAAA 333A 0048 0000 0000 0000 0000 0000 0000 0000 0000 0081 02D4 FC4B 0C2F 0000 0081 02D4 FC4A 0C37 0000 0000 0000 0000 0000 0000 0000 0000 0000 0000 0000 0000 0000 0000 0000 FC56 0BFD 0000 0000 0000 FC98 0BE9 0A1E 2C1D 0000 
5555 AAAA 333B 0040 0000 0000 0000 0000 0000 0000 0000 0000 0081 02D4 FC4A 0C2A 0000 0000 0000 0000 0000 0000 0000 0000 0000 0000 0000 0000 0000 0000 0000 0000 0000 0000 0000 0000 FC55 0BFD 0000 0000 F260 0003 0BE9 0A1E 2C1D 0000 
5555 AAAA 333C 0048 0000 0000 0000 0000 0000 0000 0000 0000 0081 02D3 FC4B 0C2B 0000 0081 02D4 FC4D 0C28 0000 0000 0000 0000 0000 0000 0000 0000 0000 0000 0000 0000 0000 0000 0000 FC55 0BFD 0000 0000 E4C0 0007 0BE9 0A1E 2C1D 0000 
5555 AAAA 333D 0048 0000 0000 0000 0000 0000 0000 0000 0000 0081 02D4 FC4C 0C32 0000 0081 02D4 FC4D 0C24 0000 0000 0000 0000 0000 0000 0000 0000 0000 0000 0000 0000 0000 0000 0000 FC54 0BFD 0000 0000 FC98 0000 0BE9 0A1E 2C1D 0000 
5555 AAAA 333E 0040 0000 0000 0000 0000 0000 0000 0000 0000 0081 02D3 FC4C 0C2F 0000 0081 02D4 FC4D 0C21 0000 0000 0000 0000 0000 0000 0000 0000 0000 0000 0000 0000 0000 0000 0000 FC54 0BFD 0000 0000 F260 0003 0BE9 0A1E 2C1D 0000 
5555 AAAA 333F 0040 0000 0000 0000 0000 0000 0000 0000 0000 0081 02D4 FC4C 0C2C 0000 0081 02D4 FC4B 0C2F 0000 0000 0000 0000 0000 0000 0000 0000 0000 0000 0000 0000 0001 0000 0000 FC53 0BFD 0000 0000 E4C0 0007 0BE9 0A1E 2C1D 0000 
5555 AAAA 3340 0040 0000 0000 0000 0000 0000 0000 0000 0000 0081 02D4 FC4C 0C24 0000 0000 0000 0000 0000 0000 0000 0000 0000 0000 0000 0000 0000 0000 0000 0000 0000 0001 0000 0000 FC53 0BFD 0000 0000 0000 F930 0BE9 0A1E 2C1D 0000 
5555 AAAA 3341 0048 0000 0000 0000 0000 0000 0000 0000 0000 0081 02D3 FC4B 0C33 0000 0081 02D5 FC4A 0C28 0000 0000 0000 0000 0000 0000 0000 0000 0000 0000 0000 0000 0001 0000 0000 FC52 0BFD 0000 0000 0000 F260 0BE9 0A1E 2C1D 0000 
5555 AAAA 3342 0048 0000 0000 0000 0000 0000 0000 0000 0000 0081 02D4 FC46 0C27 0000 0000 0000 0000 0000 0000 0000 0000 0000 0000 0000 0000 0000 0000 0000 0000 0000 0001 0000 0000 FC52 0BFD 0000 0000 FC98 0000 0BE9 0A1E 2C1D 0000 
5555 AAAA 3343 0048 0000 0000 0000 0000 0000 0000 0000 0000 0081 02D4 FC45 0C1B 0000 0081 02D3 FC41 0C09 0000 0000 0000 0000 0000 0000 0000 0000 0000 0000 0000 0000 0002 0000 0000 FC52 0BFD 0000 0000 F930 0001 0BE9 0A1E 2C1D 0000 
5555 AAAA 3344 0048 0000 0000 0000 0000 0000 0000 0000 0000 0081 02D4 FC42 0BFF 0000 0000 0000 0000 0000 0000 0000 0000 0000 0000 0000 0000 0000 0000 0000 0000 0000 0002 0000 0000 FC52 0BFD 0000 0000 E4C0 0007 0BE9 0A1E 2C1D 0000 
5555 AAAA 3345 0040 0000 0000 0000 0000 0000 0000 0000 0000 0081 02D4 FC43 0C0C 0000 0081 02D4 FC43 0C19 0000 0000 0000 0000 0000 0000 0000 0000 0000 0000 0000 0000 0002 0000 0000 FC50 0BFD 0000 0000 0000 FC98 0BE9 0A1E 2C1D 0000 
5555 AAAA 3346 0048 0000 0000 0000 0000 0000 0000 0000 0000 0081 02D3 FC43 0C1F 0000 0081 02D4 FC43 0C24 0000 0000 0000 0000 0000 0000 0000 0000 0000 0000 0000 0000 0003 0000 0000 FC50 0BFD 0000 0000 0000 F260 0BE9 0A1E 2C1D 0000 
5555 AAAA 3347 0040 0000 0000 0000 0000 0000 0000 0000 0000 0081 02D4 FC42 0C1B 0000 0081 02D4 FC40 0C0C 0000 0000 0000 0000 0000 0000 0000 0000 0000 0000 0000 0000 0004 0000 0000 FC50 0BFD 0000 0000 0000 E4C0 0BE9 0A1E 2C1D 0000 
5555 AAAA 3348 0040 0000 0000 0000 0000 0000 0000 0000 0000 0081 02D4 FC40 0BFC 0000 0081 02D3 FC41 0C05 0000 0000 0000 0000 0000 0000 0000 0000 0000 0000 0000 0000 0003 0000 0000 FC50 0BFD 0000 0000 0000 FC98 0BE9 0A1E 2C1D 0000 
5555 AAAA 3349 0048 0000 0000 0000 0000 0000 0000 0000 0000 0081 02D4 FC43 0C1B 0000 0000 0000 0000 0000 0000 0000 0000 0000 0000 0000 0000 0000 0000 0000 0000 0000 0003 0000 0000 FC50 0BFD 0000 0000 F260 0003 0BE9 0A1E 2C1D 0000 
5555 AAAA 334A 0048 0000 0000 0000 0000 0000 0000 0000 0000 0081 02D4 FC42 0C1F 0000 0081 02D4 FC42 0C1C 0000 0000 0000 0000 0000 0000 0000 0000 0000 0000 0000 0000 0003 0000 0000 FC50 0BFD 0000 0000 E4C0 0007 0BE9 0A1E 2C1D 0000 
5555 AAAA 334B 0048 0000 0000 0000 0000 0000 0000 0000 0000 0081 02D3 FC3E 0BFC 0000 0000 0000 0000 0000 0000 0000 0000 0000 0000 0000 0000 0000 0000 0000 0000 0000 0004 0001 0000 FC4E 0BFD 0000 0000 0000 F930 0BE9 0A1E 2C1D 0000 
5555 AAAA 334C 0040 0000 0000 0000 0000 0000 0000 0000 0000 0081 02D4 FC3F 0BF2 0000 0081 02D4 FC40 0C03 0000 0000 0000 0000 0000 0000 0000 0000 0000 0000 0000 0000 0005 0001 0000 FC4E 0BFD 0000 0000 0000 F260 0BE9 0A1E 2C1D 0000 
5555 AAAA 334D 0048 0000 0000 0000 0000 0000 0000 0000 0000 0081 02D4 FC41 0C17 0000 0000 0000 0000 0000 0000 0000 0000 0000 0000 0000 0000 0000 0000 0000 0000 0000 0004 0001 0000 FC4E 0BFD 0000 0000 0000 FC98 0BE9 0A1E 2C1D 0000 
5555 AAAA 334E 0048 0000 0000 0000 0000 0000 0000 0000 0000 0081 02D4 FC42 0C2B 0000 0081 02D3 FC42 0C27 0000 0000 0000 0000 0000 0000 0000 0000 0000 0000 0000 0000 0004 0001 0000 FC4E 0BFD 0000 0000 0000 F930 0BE9 0A1E 2C1D 0000 
5555 AAAA 334F 0048 0000 0000 0000 0000 0000 0000 0000 0000 0081 02D4 FC40 0C0C 0000 0081 02D4 FC40 0C04 0000 0000 0000 0000 0000 0000 0000 0000 0000 0000 0000 0000 0004 0001 0000 FC4E 0BFD 0000 0000 E4C0 0007 0BE9 0A1E 2C1D 0000 
5555 AAAA 3350 0040 0000 0000 0000 0000 0000 0000 0000 0000 0081 02D4 FC40 0C10 0000 0081 02D4 FC42 0C18 0000 0000 0000 0000 0000 0000 0000 0000 0000 0000 0000 0000 0005 0001 0000 FC4E 0BFD 0000 0000 FC98 0000 0BE9 0A1E 2C1D 0000 
5555 AAAA 3351 0040 0000 0000 0000 0000 0000 0000 0000 0000 0081 02D3 FC42 0C21 0000 0000 0000 0000 0000 0000 0000 0000 0000 0000 0000 0000 0000 0000 0000 0000 0000 0005 0001 0000 FC4E 0BFD 0000 0000 0000 F260 0BE9 0A1E 2C1D 0000 
5555 AAAA 3352 0048 0000 0000 0000 0000 0000 0000 0000 0000 0081 02D5 FC43 0C30 0000 0000 0000 0000 0000 0000 0000 0000 0000 0000 0000 0000 0000 0000 0000 0000 0000 0004 0001 0000 FC4E 0BFD 0000 0000 0000 E4C0 0BE9 0A1E 2C1D 0000 
5555 AAAA 3353 0040 0000 0000 0000 0000 0000 0000 0000 0000 0081 02D4 FC42 0C38 0000 0081 02D4 FC42 0C13 0000 0000 0000 0000 0000 0000 0000 0000 0000 0000 0000 0000 0005 0001 0000 FC4E 0BFD 0000 0000 0000 FC98 0BE9 0A1E 2C1D 0000 
5555 AAAA 3354 0040 0000 0000 0000 0000 0000 0000 0000 0000 0081 02D4 FC3E 0BFD 0000 0000 0000 0000 0000 0000 0000 0000 0000 0000 0000 0000 0000 0000 0000 0000 0000 0004 0002 0000 FC4E 0BFD 0000 0000 F932 0001 0BE9 0A1E 2C1D 0000 
5555 AAAA 3355 0040 0000 0000 0000 0000 0000 0000 0000 0000 0081 02D4 FC3D 0BFD 0000 0081 02D4 FC3C 0BEE 0000 0000 0000 0000 0000 0000 0000 0000 0000 0000 0000 0000 0005 0002 0000 FC4E 0BFD 0000 0000 E4C8 0007 0BE9 0A1E 2C1D 0000 
5555 AAAA 3356 0040 0000 0000 0000 0000 0000 0000 0000 0000 0081 02D4 FC3D 0C03 0000 0000 0000 0000 0000 0000 0000 0000 0000 0000 0000 0000 0000 0000 0000 0000 0000 0004 0002 0000 FC4E 0BFD 0000 0000 0000 FC99 0BE9 0A1E 2C1D 0000 
5555 AAAA 3325 0040 0000 0000 0000 0000 0000 0000 0000 0000 0081 02D4 FC49 0C2A 0000 0000 0000 0000 0000 0000 0000 0000 0000 0000 0000 0000 0000 0000 0000 0000 0000 FFFD 0000 0000 FC60 0BFD 0000 0000 0000 F930 0BE9 0A1E 2C1D 0000 
5555 AAAA 3326 0048 0000 0000 0000 0000 0000 0000 0000 0000 0081 02D4 FC48 0C2C 0000 0081 02D3 FC48 0C2C 0000 0000 0000 0000 0000 0000 0000 0000 0000 0000 0000 0000 FFFD 0000 0000 FC5F 0BFD 0000 0000 0000 E4C0 0BE9 0A1E 2C1D 0000 
5555 AAAA 3327 0048 0000 0000 0000 0000 0000 0000 0000 0000 0081 02D5 FC47 0C1D 0000 0000 0000 0000 0000 0000 0000 0000 0000 0000 0000 0000 0000 0000 0000 0000 0000 FFFD 0000 0000 FC5F 0BFD 0000 0000 0000 FC98 0BE9 0A1E 2C1D 0000 
5555 AAAA 3328 0040 0000 0000 0000 0000 0000 0000 0000 0000 0081 02D4 FC46 0C1A 0000 0081 02D4 FC44 0C15 0000 0000 0000 0000 0000 0000 0000 0000 0000 0000 0000 0000 FFFE 0000 0000 FC5F 0BFD 0000 0000 F260 0003 0BE9 0A1E 2C1D 0000 
5555 AAAA 3329 0040 0000 0000 0000 0000 0000 0000 0000 0000 0081 02D5 FC44 0C04 0000 0000 0000 0000 0000 0000 0000 0000 0000 0000 0000 0000 0000 0000 0000 0000 0000 FFFE 0000 0000 FC5E 0BFD 0000 0000 E4C0 0007 0BE9 0A1E 2C1D 0000 
5555 AAAA 332A 0040 0000 0000 0000 0000 0000 0000 0000 0000 0081 02D4 FC44 0C09 0000 0000 0000 0000 0000 0000 0000 0000 0000 0000 0000 0000 0000 0000 0000 0000 0000 FFFD 0000 0000 FC5E 0BFD 0000 0000 FC98 0000 0BE9 0A1E 2C1D 0000 
5555 AAAA 332B 0048 0000 0000 0000 0000 0000 0000 0000 0000 0081 02D4 FC44 0C07 0000 0081 02D4 FC43 0C04 0000 0000 0000 0000 0000 0000 0000 0000 0000 0000 0000 0000 FFFE 0000 0000 FC5D 0BFD 0000 0000 F260 0003 0BE9 0A1E 2C1D 0000 
5555 AAAA 332C 0048 0000 0000 0000 0000 0000 0000 0000 0000 0081 02D3 FC43 0BFF 0000 0081 02D5 FC44 0BFD 0000 0000 0000 0000 0000 0000 0000 0000 0000 0000 0000 0000 FFFD 0000 0000 FC5D 0BFD 0000 0000 0000 E4C0 0BE9 0A1E 2C1D 0000 
5555 AAAA 332D 0040 0000 0000 0000 0000 0000 0000 0000 0000 0081 02D4 FC43 0BF9 0000 0081 02D4 FC44 0BF7 0000 0000 0000 0000 0000 0000 0000 0000 0000 0000 0000 0000 FFFE 0000 0000 FC5C 0BFD 0000 0000 0000 F930 0BE9 0A1E 2C1D 0000 
5555 AAAA 332E 0040 0000 0000 0000 0000 0000 0000 0000 0000 0081 02D3 FC44 0BF3 0000 0000 0000 0000 0000 0000 0000 0000 0000 0000 0000 0000 0000 0000 0000 0000 0000 FFFE 0000 0000 FC5C 0BFD 0000 0000 0000 F260 0BE9 0A1E 2C1D 0000 
5555 AAAA 332F 0048 0000 0000 0000 0000 0000 0000 0000 0000 0081 02D5 FC45 0BEC 0000 0081 02D5 FC45 0BF3 0000 0000 0000 0000 0000 0000 0000 0000 0000 0000 0000 0000 FFFE 0000 0000 FC5C 0BFD 0000 0000 0000 E4C0 0BE9 0A1E 2C1D 0000 
5555 AAAA 3330 0048 0000 0000 0000 0000 0000 0000 0000 0000 0081 02D4 FC47 0C04 0000 0000 0000 0000 0000 0000 0000 0000 0000 0000 0000 0000 0000 0000 0000 0000 0000 FFFF 0000 0000 FC5C 0BFD 0000 0000 F930 0001 0BE9 0A1E 2C1D 0000 
5555 AAAA 3331 0048 0000 0000 0000 0000 0000 0000 0000 0000 0081 02D3 FC46 0C0A 0000 0081 02D5 FC48 0C13 0000 0000 0000 0000 0000 0000 0000 0000 0000 0000 0000 0000 FFFF 0000 0000 FC5A 0BFD 0000 0000 F260 0003 0BE9 0A1E 2C1D 0000 
5555 AAAA 3332 0040 0000 0000 0000 0000 0000 0000 0000 0000 0081 02D4 FC49 0C1E 0000 0000 0000 0000 0000 0000 0000 0000 0000 0000 0000 0000 0000 0000 0000 0000 0000 FFFE 0000 0000 FC5A 0BFD 0000 0000 0000 FC98 0BE9 0A1E 2C1D 0000 
5555 AAAA 3333 0048 0000 0000 0000 0000 0000 0000 0000 0000 0081 02D3 FC4A 0C27 0000 0000 0000 0000 0000 0000 0000 0000 0000 0000 0000 0000 0000 0000 0000 0000 0000 FFFF 0000 0000 FC59 0BFD 0000 0000 0000 F930 0BE9 0A1E 2C1D 0000 
5555 AAAA 3334 0048 0000 0000 0000 0000 0000 0000 0000 0000 0081 02D5 FC4A 0C37 0000 0081 02D5 FC4D 0C24 0000 0000 0000 0000 0000 0000 0000 0000 0000 0000 0000 0000 0000 0000 0000 FC59 0BFD 0000 0000 0000 F260 0BE9 0A1E 2C1D 0000 
5555 AAAA 3335 0040 0000 0000 0000 0000 0000 0000 0000 0000 0081 02D4 FC4D 0C1F 0000 0081 02D4 FC4B 0C19 0000 0000 0000 0000 0000 0000 0000 0000 0000 0000 0000 0000 0000 0000 0000 FC58 0BFD 0000 0000 F930 0001 0BE9 0A1E 2C1D 0000 
5555 AAAA 3336 0040 0000 0000 0000 0000 0000 0000 0000 0000 0081 02D3 FC4B 0C16 0000 0081 02D5 FC4B 0C1D 0000 0000 0000 0000 0000 0000 0000 0000 0000 0000 0000 0000 FFFF 0000 0000 FC58 0BFD 0000 0000 F260 0003 0BE9 0A1E 2C1D 0000 
5555 AAAA 3337 0048 0000 0000 0000 0000 0000 0000 0000 0000 0081 02D5 FC4B 0C1B 0000 0000 0000 0000 0000 0000 0000 0000 0000 0000 0000 0000 0000 0000 0000 0000 0000 0000 0000 0000 FC58 0BFD 0000 0000 FC98 0000 0BE9 0A1E 2C1D 0000 
5555 AAAA 3338 0048 0000 0000 0000 0000 0000 0000 0000 0000 0081 02D4 FC4A 0C1B 0000 0081 02D4 FC4A 0C1C 0000 0000 0000 0000 0000 0000 0000 0000 0000 0000 0000 0000 0000 0000 0000 FC58 0BFD 0000 0000 F930 0001 0BE9 0A1E 2C1D 0000 
5555 AAAA 3339 0040 0000 0000 0000 0000 0000 0000 0000 0000 0081 02D5 FC4B 0C28 0000 0000 0000 0000 0000 0000 0000 0000 0000 0000 0000 0000 0000 0000 0000 0000 0000 0000 0000 0000 FC56 0BFD 0000 0000 0000 E4C0 0BE9 0A1E 2C1D 0000 
5555 AAAA 333A 0048 0000 0000 0000 0000 0000 0000 0000 0000 0081 02D4 FC4B 0C2F 0000 0081 02D4 FC4A 0C37 0000 0000 0000 0000 0000 0000 0000 0000 0000 0000 0000 0000 0000 0000 0000 FC56 0BFD 0000 0000 0000 FC98 0BE9 0A1E 2C1D 0000 
5555 AAAA 333B 0040 0000 0000 0000 0000 0000 0000 0000 0000 0081 02D4 FC4A 0C2A 0000 0000 0000 0000 0000 0000 0000 0000 0000 0000 0000 0000 0000 0000 0000 0000 0000 0000 0000 0000 FC55 0BFD 0000 0000 F260 0003 0BE9 0A1E 2C1D 0000 
5555 AAAA 333C 0048 0000 0000 0000 0000 0000 0000 0000 0000 0081 02D3 FC4B 0C2B 0000 0081 02D4 FC4D 0C28 0000 0000 0000 0000 0000 0000 0000 0000 0000 0000 0000 0000 0000 0000 0000 FC55 0BFD 0000 0000 E4C0 0007 0BE9 0A1E 2C1D 0000 
5555 AAAA 333D 0048 0000 0000 0000 0000 0000 0000 0000 0000 0081 02D4 FC4C 0C32 0000 0081 02D4 FC4D 0C24 0000 0000 0000 0000 0000 0000 0000 0000 0000 0000 0000 0000 0000 0000 0000 FC54 0BFD 0000 0000 FC98 0000 0BE9 0A1E 2C1D 0000 
5555 AAAA 333E 0040 0000 0000 0000 0000 0000 0000 0000 0000 0081 02D3 FC4C 0C2F 0000 0081 02D4 FC4D 0C21 0000 0000 0000 0000 0000 0000 0000 0000 0000 0000 0000 0000 0000 0000 0000 FC54 0BFD 0000 0000 F260 0003 0BE9 0A1E 2C1D 0000 
5555 AAAA 333F 0040 0000 0000 0000 0000 0000 0000 0000 0000 0081 02D4 FC4C 0C2C 0000 0081 02D4 FC4B 0C2F 0000 0000 0000 0000 0000 0000 0000 0000 0000 0000 0000 0000 0001 0000 0000 FC53 0BFD 0000 0000 E4C0 0007 0BE9 0A1E 2C1D 0000 
5555 AAAA 3340 0040 0000 0000 0000 0000 0000 0000 0000 0000 0081 02D4 FC4C 0C24 0000 0000 0000 0000 0000 0000 0000 0000 0000 0000 0000 0000 0000 0000 0000 0000 0000 0001 0000 0000 FC53 0BFD 0000 0000 0000 F930 0BE9 0A1E 2C1D 0000 
5555 AAAA 3341 0048 0000 0000 0000 0000 0000 0000 0000 0000 0081 02D3 FC4B 0C33 0000 0081 02D5 FC4A 0C28 0000 0000 0000 0000 0000 0000 0000 0000 0000 0000 0000 0000 0001 0000 0000 FC52 0BFD 0000 0000 0000 F260 0BE9 0A1E 2C1D 0000 
5555 AAAA 3342 0048 0000 0000 0000 0000 0000 0000 0000 0000 0081 02D4 FC46 0C27 0000 0000 0000 0000 0000 0000 0000 0000 0000 0000 0000 0000 0000 0000 0000 0000 0000 0001 0000 0000 FC52 0BFD 0000 0000 FC98 0000 0BE9 0A1E 2C1D 0000 
5555 AAAA 3343 0048 0000 0000 0000 0000 0000 0000 0000 0000 0081 02D4 FC45 0C1B 0000 0081 02D3 FC41 0C09 0000 0000 0000 0000 0000 0000 0000 0000 0000 0000 0000 0000 0002 0000 0000 FC52 0BFD 0000 0000 F930 0001 0BE9 0A1E 2C1D 0000 
5555 AAAA 3344 0048 0000 0000 0000 0000 0000 0000 0000 0000 0081 02D4 FC42 0BFF 0000 0000 0000 0000 0000 0000 0000 0000 0000 0000 0000 0000 0000 0000 0000 0000 0000 0002 0000 0000 FC52 0BFD 0000 0000 E4C0 0007 0BE9 0A1E 2C1D 0000 
5555 AAAA 3345 0040 0000 0000 0000 0000 0000 0000 0000 0000 0081 02D4 FC43 0C0C 0000 0081 02D4 FC43 0C19 0000 0000 0000 0000 0000 0000 0000 0000 0000 0000 0000 0000 0002 0000 0000 FC50 0BFD 0000 0000 0000 FC98 0BE9 0A1E 2C1D 0000 
5555 AAAA 3346 0048 0000 0000 0000 0000 0000 0000 0000 0000 0081 02D3 FC43 0C1F 0000 0081 02D4 FC43 0C24 0000 0000 0000 0000 0000 0000 0000 0000 0000 0000 0000 0000 0003 0000 0000 FC50 0BFD 0000 0000 0000 F260 0BE9 0A1E 2C1D 0000 
5555 AAAA 3347 0040 0000 0000 0000 0000 0000 0000 0000 0000 0081 02D4 FC42 0C1B 0000 0081 02D4 FC40 0C0C 0000 0000 0000 0000 0000 0000 0000 0000 0000 0000 0000 0000 0004 0000 0000 FC50 0BFD 0000 0000 0000 E4C0 0BE9 0A1E 2C1D 0000 
5555 AAAA 3348 0040 0000 0000 0000 0000 0000 0000 0000 0000 0081 02D4 FC40 0BFC 0000 0081 02D3 FC41 0C05 0000 0000 0000 0000 0000 0000 0000 0000 0000 0000 0000 0000 0003 0000 0000 FC50 0BFD 0000 0000 0000 FC98 0BE9 0A1E 2C1D 0000 
5555 AAAA 3349 0048 0000 0000 0000 0000 0000 0000 0000 0000 0081 02D4 FC43 0C1B 0000 0000 0000 0000 0000 0000 0000 0000 0000 0000 0000 0000 0000 0000 0000 0000 0000 0003 0000 0000 FC50 0BFD 0000 0000 F260 0003 0BE9 0A1E 2C1D 0000 
5555 AAAA 334A 0048 0000 0000 0000 0000 0000 0000 0000 0000 0081 02D4 FC42 0C1F 0000 0081 02D4 FC42 0C1C 0000 0000 0000 0000 0000 0000 0000 0000 0000 0000 0000 0000 0003 0000 0000 FC50 0BFD 0000 0000 E4C0 0007 0BE9 0A1E 2C1D 0000 
5555 AAAA 334B 0048 0000 0000 0000 0000 0000 0000 0000 0000 0081 02D3 FC3E 0BFC 0000 0000 0000 0000 0000 0000 0000 0000 0000 0000 0000 0000 0000 0000 0000 0000 0000 0004 0001 0000 FC4E 0BFD 0000 0000 0000 F930 0BE9 0A1E 2C1D 0000 
5555 AAAA 334C 0040 0000 0000 0000 0000 0000 0000 0000 0000 0081 02D4 FC3F 0BF2 0000 0081 02D4 FC40 0C03 0000 0000 0000 0000 0000 0000 0000 0000 0000 0000 0000 0000 0005 0001 0000 FC4E 0BFD 0000 0000 0000 F260 0BE9 0A1E 2C1D 0000 
5555 AAAA 334D 0048 0000 0000 0000 0000 0000 0000 0000 0000 0081 02D4 FC41 0C17 0000 0000 0000 0000 0000 0000 0000 0000 0000 0000 0000 0000 0000 0000 0000 0000 0000 0004 0001 0000 FC4E 0BFD 0000 0000 0000 FC98 0BE9 0A1E 2C1D 0000 
5555 AAAA 334E 0048 0000 0000 0000 0000 0000 0000 0000 0000 0081 02D4 FC42 0C2B 0000 0081 02D3 FC42 0C27 0000 0000 0000 0000 0000 0000 0000 0000 0000 0000 0000 0000 0004 0001 0000 FC4E 0BFD 0000 0000 0000 F930 0BE9 0A1E 2C1D 0000 
5555 AAAA 334F 0048 0000 0000 0000 0000 0000 0000 0000 0000 0081 02D4 FC40 0C0C 0000 0081 02D4 FC40 0C04 0000 0000 0000 0000 0000 0000 0000 0000 0000 0000 0000 0000 0004 0001 0000 FC4E 0BFD 0000 0000 E4C0 0007 0BE9 0A1E 2C1D 0000 
5555 AAAA 3350 0040 0000 0000 0000 0000 0000 0000 0000 0000 0081 02D4 FC40 0C10 0000 0081 02D4 FC42 0C18 0000 0000 0000 0000 0000 0000 0000 0000 0000 0000 0000 0000 0005 0001 0000 FC4E 0BFD 0000 0000 FC98 0000 0BE9 0A1E 2C1D 0000 
5555 AAAA 3351 0040 0000 0000 0000 0000 0000 0000 0000 0000 0081 02D3 FC42 0C21 0000 0000 0000 0000 0000 0000 0000 0000 0000 0000 0000 0000 0000 0000 0000 0000 0000 0005 0001 0000 FC4E 0BFD 0000 0000 0000 F260 0BE9 0A1E 2C1D 0000 
5555 AAAA 3352 0048 0000 0000 0000 0000 0000 0000 0000 0000 0081 02D5 FC43 0C30 0000 0000 0000 0000 0000 0000 0000 0000 0000 0000 0000 0000 0000 0000 0000 0000 0000 0004 0001 0000 FC4E 0BFD 0000 0000 0000 E4C0 0BE9 0A1E 2C1D 0000 
5555 AAAA 3353 0040 0000 0000 0000 0000 0000 0000 0000 0000 0081 02D4 FC42 0C38 0000 0081 02D4 FC42 0C13 0000 0000 0000 0000 0000 0000 0000 0000 0000 0000 0000 0000 0005 0001 0000 FC4E 0BFD 0000 0000 0000 FC98 0BE9 0A1E 2C1D 0000 
5555 AAAA 3354 0040 0000 0000 0000 0000 0000 0000 0000 0000 0081 02D4 FC3E 0BFD 0000 0000 0000 0000 0000 0000 0000 0000 0000 0000 0000 0000 0000 0000 0000 0000 0000 0004 0002 0000 FC4E 0BFD 0000 0000 F932 0001 0BE9 0A1E 2C1D 0000 
5555 AAAA 3355 0040 0000 0000 0000 0000 0000 0000 0000 0000 0081 02D4 FC3D 0BFD 0000 0081 02D4 FC3C 0BEE 0000 0000 0000 0000 0000 0000 0000 0000 0000 0000 0000 0000 0005 0002 0000 FC4E 0BFD 0000 0000 E4C8 0007 0BE9 0A1E 2C1D 0000 
5555 AAAA 3356 0040 0000 0000 0000 0000 0000 0000 0000 0000 0081 02D4 FC3D 0C03 0000 0000 0000 0000 0000 0000 0000 0000 0000 0000 0000 0000 0000 0000 0000 0000 0000 0004 0002 0000 FC4E 0BFD 0000 0000 0000 FC99 0BE9 0A1E 2C1D 0000 
5555 AAAA 3357 0048 0000 0000 0000 0000 0000 0000 0000 0000 0081 02D3 FC3D 0C05 0000 0081 02D5 FC3D 0C17 0000 0000 0000 0000 0000 0000 0000 0000 0000 0000 0000 0000 0005 0002 0000 FC4E 0BFD 0000 0000 0000 F932 0BE9 0A1E 2D1D 0000 
5555 AAAA 3358 0048 0000 0000 0000 0000 0000 0000 0000 0000 0081 02D5 FC3B 0C0E 0000 0081 02D4 FC3B 0C03 0000 0000 0000 0000 0000 0000 0000 0000 0000 0000 0000 0000 0004 0002 0000 FC4E 0BFD 0000 0000 0000 E4C8 0BE9 0A1E 2D1D 0000 
5555 AAAA 3359 0048 0000 0000 0000 0000 0000 0000 0000 0000 0081 02D4 FC3B 0BFF 0000 0081 02D3 FC3B 0C03 0000 0000 0000 0000 0000 0000 0000 0000 0000 0000 0000 0000 0004 0002 0000 FC4E 0BFD 0000 0000 FC99 0000 0BE9 0A1E 2D1D 0000 
5555 AAAA 335A 0040 0000 0000 0000 0000 0000 0000 0000 0000 0081 02D5 FC3C 0C01 0000 0000 0000 0000 0000 0000 0000 0000 0000 0000 0000 0000 0000 0000 0000 0000 0000 0004 0002 0000 FC4E 0BFD 0000 0000 F264 0003 0BE9 0A1E 2D1D 0000 
5555 AAAA 335B 0040 0000 0000 0000 0000 0000 0000 0000 0000 0081 02D4 FC3D 0C07 0000 0000 0000 0000 0000 0000 0000 0000 0000 0000 0000 0000 0000 0000 0000 0000 0000 0004 0002 0000 FC4E 0BFD 0000 0000 E4C8 0007 0BE9 0A1E 2D1D 0000 
5555 AAAA 335C 0048 0000 0000 0000 0000 0000 0000 0000 0000 0081 02D4 FC3E 0C0A 0000 0081 02D4 FC40 0C18 0000 0000 0000 0000 0000 0000 0000 0000 0000 0000 0000 0000 0004 0002 0000 FC4E 0BFD 0000 0000 0000 F932 0BE9 0A1E 2D1D 0000 
5555 AAAA 335D 0040 0000 0000 0000 0000 0000 0000 0000 0000 0081 02D5 FC41 0C28 0000 0000 0000 0000 0000 0000 0000 0000 0000 0000 0000 0000 0000 0000 0000 0000 0000 0004 0002 0000 FC4E 0BFD 0000 0000 0000 F264 0BE9 0A1E 2D1D 0000 
5555 AAAA 335E 0040 0000 0000 0000 0000 0000 0000 0000 0000 0081 02D4 FC41 0C2F 0000 0081 02D4 FC41 0C34 0000 0000 0000 0000 0000 0000 0000 0000 0000 0000 0000 0000 0004 0002 0000 FC4E 0BFD 0000 0000 0000 E4C8 0BE9 0A1E 2D1D 0000 
5555 AAAA 335F 0048 0000 0000 0000 0000 0000 0000 0000 0000 0081 02D4 FC41 0C25 0000 0000 0000 0000 0000 0000 0000 0000 0000 0000 0000 0000 0000 0000 0000 0000 0000 0005 0002 0000 FC4E 0BFD 0000 0000 F932 0001 0BE9 0A1E 2D1D 0000 
5555 AAAA 3360 0048 0000 0000 0000 0000 0000 0000 0000 0000 0081 02D3 FC3F 0C27 0000 0081 02D5 FC3E 0C1B 0000 0000 0000 0000 0000 0000 0000 0000 0000 0000 0000 0000 0003 0002 0000 FC4E 0BFD 0000 0000 F264 0003 0BE9 0A1E 2D1D 0000 
5555 AAAA 3361 0048 0000 0000 0000 0000 0000 0000 0000 0000 0081 02D4 FC3C 0C13 0000 0081 02D4 FC3C 0C07 0000 0000 0000 0000 0000 0000 0000 0000 0000 0000 0000 0000 0004 0002 0000 FC4E 0BFD 0000 0000 FC99 0000 0BE9 0A1E 2D1D 0000 
5555 AAAA 3362 0040 0000 0000 0000 0000 0000 0000 0000 0000 0081 02D4 FC3A 0C0F 0000 0081 02D3 FC3A 0BFB 0000 0000 0000 0000 0000 0000 0000 0000 0000 0000 0000 0000 0004 0002 0000 FC4E 0BFD 0000 0000 F932 0001 0BE9 0A1E 2D1D 0000 
5555 AAAA 3363 0048 0000 0000 0000 0000 0000 0000 0000 0000 0081 02D5 FC3C 0BF7 0000 0000 0000 0000 0000 0000 0000 0000 0000 0000 0000 0000 0000 0000 0000 0000 0000 0004 0002 0000 FC4E 0BFD 0000 0000 0000 E4C8 0BE9 0A1E 2D1D 0000 
5555 AAAA 3364 0040 0000 0000 0000 0000 0000 0000 0000 0000 0081 02D4 FC3E 0C0C 0000 0000 0000 0000 0000 0000 0000 0000 0000 0000 0000 0000 0000 0000 0000 0000 0000 0003 0002 0000 FC4E 0BFD 0000 0000 0000 FC99 0BE9 0A1E 2D1D 0000 
5555 AAAA 3365 0048 0000 0000 0000 0000 0000 0000 0000 0000 0081 02D4 FC3F 0C19 0000 0081 02D4 FC40 0C25 0000 0000 0000 0000 0000 0000 0000 0000 0000 0000 0000 0000 0004 0002 0000 FC4E 0BFD 0000 0000 F264 0003 0BE9 0A1E 2D1D 0000 
5555 AAAA 3366 0048 0000 0000 0000 0000 0000 0000 0000 0000 0081 02D5 FC40 0C2D 0000 0000 0000 0000 0000 0000 0000 0000 0000 0000 0000 0000 0000 0000 0000 0000 0000 0003 0002 0000 FC4E 0BFD 0000 0000 E4C8 0007 0BE9 0A1E 2D1D 0000 
5555 AAAA 3367 0040 0000 0000 0000 0000 0000 0000 0000 0000 0081 02D4 FC3E 0C35 0000 0081 02D4 FC3F 0C2A 0000 0000 0000 0000 0000 0000 0000 0000 0000 0000 0000 0000 0004 0002 0000 FC4E 0BFD 0000 0000 FC99 0000 0BE9 0A1E 2D1D 0000 
5555 AAAA 3368 0048 0000 0000 0000 0000 0000 0000 0000 0000 0081 02D3 FC40 0C24 0000 0000 0000 0000 0000 0000 0000 0000 0000 0000 0000 0000 0000 0000 0000 0000 0000 0004 0002 0000 FC4E 0BFD 0000 0000 F264 0003 0BE9 0A1E 2D1D 0000 
5555 AAAA 3369 0048 0000 0000 0000 0000 0000 0000 0000 0000 0081 02D5 FC40 0C36 0000 0081 02D5 FC41 0C28 0000 0000 0000 0000 0000 0000 0000 0000 0000 0000 0000 0000 0004 0002 0000 FC4E 0BFD 0000 0000 E4C8 0007 0BE9 0A1E 2D1D 0000 
5555 AAAA 336A 0040 0000 0000 0000 0000 0000 0000 0000 0000 0081 02D4 FC42 0C24 0000 0081 02D4 FC41 0C35 0000 0000 0000 0000 0000 0000 0000 0000 0000 0000 0000 0000 0003 0002 0000 FC4E 0BFD 0000 0000 0000 F932 0BE9 0A1E 2D1D 0000 
5555 AAAA 336B 0040 0000 0000 0000 0000 0000 0000 0000 0000 0081 02D3 FC41 0C21 0000 0081 02D5 FC3F 0C21 0000 0000 0000 0000 0000 0000 0000 0000 0000 0000 0000 0000 0004 0002 0000 FC4E 0BFD 0000 0000 0000 F264 0BE9 0A1E 2D1D 0000 
5555 AAAA 336C 0048 0000 0000 0000 0000 0000 0000 0000 0000 0081 02D5 FC3E 0C12 0000 0000 0000 0000 0000 0000 0000 0000 0000 0000 0000 0000 0000 0000 0000 0000 0000 0004 0002 0000 FC4E 0BFD 0000 0000 FC99 0000 0BE9 0A1E 2D1D 0000 
5555 AAAA 336D 0048 0000 0000 0000 0000 0000 0000 0000 0000 0081 02D4 FC3E 0BF7 0000 0000 0000 0000 0000 0000 0000 0000 0000 0000 0000 0000 0000 0000 0000 0000 0000 0003 0002 0000 FC4E 0BFD 0000 0000 F932 0001 0BE9 0A1E 2D1D 0000 
5555 AAAA 336E 0040 0000 0000 0000 0000 0000 0000 0000 0000 0081 02D4 FC40 0C02 0000 0081 02D3 FC40 0C1E 0000 0000 0000 0000 0000 0000 0000 0000 0000 0000 0000 0000 0004 0002 0000 FC4E 0BFE 0000 0000 E4C8 0007 0BE9 0A1E 2D1D 0000 
5555 AAAA 336F 0048 0000 0000 0000 0000 0000 0000 0000 0000 0081 02D4 FC40 0C2A 0000 0000 0000 0000 0000 0000 0000 0000 0000 0000 0000 0000 0000 0000 0000 0000 0000 0004 0002 0000 FC4E 0BFE 0000 0000 0000 FC99 0BE9 0A1E 2D1D 0000 
5555 AAAA 3370 0040 0000 0000 0000 0000 0000 0000 0000 0000 0081 02D4 FC3F 0C2A 0000 0000 0000 0000 0000 0000 0000 0000 0000 0000 0000 0000 0000 0000 0000 0000 0000 0003 0002 0000 FC4E 0BFE 0000 0000 0000 F264 0BE9 0A1E 2D1D 0000 
5555 AAAA 3371 0048 0000 0000 0000 0000 0000 0000 0000 0000 0081 02D3 FC3E 0C2A 0000 0081 02D5 FC3C 0C25 0000 0000 0000 0000 0000 0000 0000 0000 0000 0000 0000 0000 0004 0002 0000 FC4E 0BFE 0000 0000 0000 E4C8 0BE9 0A1E 2D1D 0000 
5555 AAAA 3372 0048 0000 0000 0000 0000 0000 0000 0000 0000 0081 02D4 FC3C 0C21 0000 0081 02D4 FC39 0C16 0000 0000 0000 0000 0000 0000 0000 0000 0000 0000 0000 0000 0003 0002 0000 FC4E 0BFE 0000 0000 0000 FC99 0BE9 0A1E 2D1D 0000 
5555 AAAA 3373 0048 0000 0000 0000 0000 0000 0000 0000 0000 0081 02D3 FC39 0C0F 0000 0081 02D5 FC39 0C02 0000 0000 0000 0000 0000 0000 0000 0000 0000 0000 0000 0000 0003 0001 0000 FC4E 0BFE 0000 0000 F264 0003 0BE9 0A1E 2D1D 0000 
5555 AAAA 3374 0048 0000 0000 0000 0000 0000 0000 0000 0000 0081 02D4 FC39 0C03 0000 0081 02D4 FC3A 0BFA 0000 0000 0000 0000 0000 0000 0000 0000 0000 0000 0000 0000 0003 0001 0000 FC4E 0BFF 0000 0000 E4C8 0007 0BE9 0A1E 2D1D 0000 
5555 AAAA 3375 0040 0000 0000 0000 0000 0000 0000 0000 0000 0081 02D3 FC39 0BF8 0000 0000 0000 0000 0000 0000 0000 0000 0000 0000 0000 0000 0000 0000 0000 0000 0000 0003 0001 0000 FC4E 0BFF 0000 0000 0000 F932 0BE9 0A1E 2D1D 0000 
5555 AAAA 3376 0048 0000 0000 0000 0000 0000 0000 0000 0000 0081 02D5 FC3B 0BFB 0000 0000 0000 0000 0000 0000 0000 0000 0000 0000 0000 0000 0000 0000 0000 0000 0000 0003 0001 0000 FC4E 0BFF 0000 0000 0000 F264 0BE9 0A1E 2D1D 0000 
5555 AAAA 3377 0040 0000 0000 0000 0000 0000 0000 0000 0000 0081 02D4 FC3B 0BF8 0000 0081 02D4 FC3C 0BFC 0000 0000 0000 0000 0000 0000 0000 0000 0000 0000 0000 0000 0002 0001 0000 FC4E 0BFF 0000 0000 0000 FC99 0BE9 0A1E 2D1D 0000 
5555 AAAA 3378 0040 0000 0000 0000 0000 0000 0000 0000 0000 0081 02D5 FC3E 0C0D 0000 0000 0000 0000 0000 0000 0000 0000 0000 0000 0000 0000 0000 0000 0000 0000 0000 0002 0001 0000 FC4E 0BFF 0000 0000 0000 F932 0BE9 0A1E 2D1D 0000 
